 Z axis is All Size=100 GenerationNum=200 GenerationWay=1 J=1 H=0 KbT starts from0 KbT ends at5 KbT's step is0.1
1 1 1 1 1 1 1 1 1 1 1 1 1 1 1 1 1 1 1 1 1 1 1 1 1 1 1 1 1 1 1 1 1 1 1 1 1 1 1 1 1 1 1 1 1 1 1 1 1 1 1 1 1 1 1 1 1 1 1 1 1 1 1 1 1 1 1 1 1 1 1 1 1 1 1 1 1 1 1 1 1 1 1 1 1 1 1 1 1 1 1 1 1 1 1 1 1 1 1 1 1 1 1 1 1 1 1 1 1 1 1 1 1 1 1 1 1 1 1 1 1 1 1 1 1 1 1 1 1 1 1 1 1 1 1 1 1 1 1 1 1 1 1 1 1 1 1 1 1 1 1 1 1 1 1 1 1 1 1 1 1 1 1 1 1 1 1 1 1 1 1 1 1 1 1 1 1 1 1 1 1 1 1 1 1 1 1 1 1 1 1 1 1 1 1 1 1 1 1 1 
1 1 1 1 1 1 1 1 1 1 1 1 1 1 1 1 1 1 1 1 1 1 1 1 1 1 1 1 1 1 1 1 1 1 1 1 1 1 1 1 1 1 1 1 1 1 1 1 1 1 1 1 1 1 1 1 1 1 1 1 1 1 1 1 1 1 1 1 1 1 1 1 1 1 1 1 1 1 1 1 1 1 1 1 1 1 1 1 1 1 1 1 1 1 1 1 1 1 1 1 1 1 1 1 1 1 1 1 1 1 1 1 1 1 1 1 1 1 1 1 1 1 1 1 1 1 1 1 1 1 1 1 1 1 1 1 1 1 1 1 1 1 1 1 1 1 1 1 1 1 1 1 1 1 1 1 1 1 1 1 1 1 1 1 1 1 1 1 1 1 1 1 1 1 1 1 1 1 1 1 1 1 1 1 1 1 1 1 1 1 1 1 1 1 1 1 1 1 1 1 
1 1 1 1 1 1 1 1 1 1 1 1 1 1 1 1 1 1 1 1 1 1 1 1 1 1 1 1 1 1 1 1 1 1 1 1 1 1 1 1 1 1 1 1 1 1 1 1 1 1 1 1 1 1 1 1 1 1 1 1 1 1 1 1 1 1 1 1 1 1 1 1 1 1 1 1 1 1 1 1 1 1 1 1 1 1 1 1 1 1 1 1 1 1 1 1 1 1 1 1 1 1 1 1 1 1 1 1 1 1 1 1 1 1 1 1 1 1 1 1 1 1 1 1 1 1 1 1 1 1 1 1 1 1 1 1 1 1 1 1 1 1 1 1 1 1 1 1 1 1 1 1 1 1 1 1 1 1 1 1 1 1 1 1 1 1 1 1 1 1 1 1 1 1 1 1 1 1 1 1 1 1 1 1 1 1 1 1 1 1 1 1 1 1 1 1 1 1 1 1 
1 1 1 1 1 1 1 1 1 1 1 1 1 1 1 1 1 1 1 1 1 1 1 1 1 1 1 1 1 1 1 1 1 1 1 1 1 1 1 1 1 1 1 1 1 1 1 1 1 1 1 1 1 1 1 1 1 1 1 1 1 1 1 1 1 1 1 1 1 1 1 1 1 1 1 1 1 1 1 1 1 1 1 1 1 1 1 1 1 1 1 1 1 1 1 1 1 1 1 1 1 1 1 1 1 1 1 1 1 1 1 1 1 1 1 1 1 1 1 1 1 1 1 1 1 1 1 1 1 1 1 1 1 1 1 1 1 1 1 1 1 1 1 1 1 1 1 1 1 1 1 1 1 1 1 1 1 1 1 1 1 1 1 1 1 1 1 1 1 1 1 1 1 1 1 1 1 1 1 1 1 1 1 1 1 1 1 1 1 1 1 1 1 1 1 1 1 1 1 1 
1 1 1 1 1 1 1 1 1 1 1 1 1 1 1 1 1 1 1 1 1 1 1 1 1 1 1 1 1 1 1 1 1 1 1 1 1 1 1 1 1 1 1 1 1 1 1 1 1 1 1 1 1 1 1 1 1 1 1 1 1 1 1 1 1 1 1 1 1 1 1 1 1 1 1 1 1 1 1 1 1 1 1 1 1 1 1 1 1 1 1 1 1 1 1 1 1 1 1 1 1 1 1 1 1 1 1 1 1 1 1 1 1 1 1 1 1 1 1 1 1 1 1 1 1 1 1 1 1 1 1 1 1 1 1 1 1 1 1 1 1 1 1 1 1 1 1 1 1 1 1 1 1 1 1 1 1 1 1 1 1 1 1 1 1 1 1 1 1 1 1 1 1 1 1 1 1 1 1 1 1 1 1 1 1 1 1 1 1 1 1 1 1 1 1 1 1 1 1 1 
1 1 1 1 1 1 1 1 1 1 1 1 1 1 1 1 1 1 1 1 1 1 1 1 1 1 1 1 1 1 1 1 1 1 1 1 0.9998 1 1 1 1 1 1 1 1 1 1 1 1 1 1 1 1 1 1 1 1 1 1 1 1 1 1 1 1 1 1 1 1 1 1 1 1 1 1 1 1 1 1 1 1 1 1 1 1 1 1 1 1 1 1 1 1 1 1 1 1 1 1 1 1 1 1 1 1 1 1 1 1 1 1 1 1 1 1 1 1 1 1 1 1 1 1 1 1 1 1 1 1 1 1 1 1 1 1 1 1 1 1 1 1 1 1 1 1 1 1 1 1 1 1 1 1 1 1 1 1 1 1 1 1 1 1 1 1 1 1 1 1 1 1 1 1 1 1 1 1 1 1 1 1 1 1 1 1 1 1 1 1 1 1 1 1 1 1 1 1 1 1 1 
1 1 1 1 1 1 1 1 1 1 1 1 1 1 1 1 1 1 1 1 1 1 1 1 1 1 1 1 1 1 1 1 1 1 1 1 1 1 1 1 1 1 1 1 1 1 1 1 1 1 1 1 1 1 1 1 1 1 1 1 1 1 1 1 1 1 1 1 1 1 1 1 1 1 1 1 1 1 1 1 1 1 1 1 1 1 1 1 1 1 1 1 1 1 1 1 1 1 1 1 1 1 1 1 1 1 1 1 1 1 1 1 0.9998 1 1 1 1 1 1 1 1 1 1 1 1 1 1 1 1 1 1 1 1 1 1 1 1 1 1 1 1 1 1 1 1 1 1 1 1 1 1 1 1 1 1 1 1 1 1 1 0.9998 1 1 1 1 0.9998 1 1 1 1 1 1 0.9998 1 1 1 1 1 1 1 1 1 1 1 1 1 1 1 1 1 1 1 1 0.9998 1 1 1 1 1 1 
1 1 1 1 1 1 1 1 0.9998 1 1 1 1 1 1 1 1 1 1 1 0.9998 0.9998 1 1 1 1 1 1 1 0.9998 0.9998 1 1 0.9998 1 1 1 1 1 1 1 1 1 0.9998 1 1 1 1 1 1 1 0.9998 1 1 1 0.9998 1 1 1 1 1 1 1 1 1 1 1 1 1 0.9998 1 1 1 1 1 1 1 1 1 1 1 1 1 1 1 1 1 0.9996 1 1 1 1 1 1 1 1 1 1 1 1 1 1 1 1 1 1 1 1 1 1 1 1 1 1 1 1 1 0.9998 1 1 1 1 1 1 1 1 1 1 1 1 1 1 1 1 1 1 1 1 1 1 1 1 1 1 1 1 1 1 1 0.9998 1 1 1 1 1 1 1 1 1 1 1 1 1 1 1 1 1 1 1 1 1 1 1 1 1 1 1 0.9998 1 1 1 1 1 1 1 1 0.9998 1 1 1 1 1 1 1 1 1 1 0.9998 1 0.9998 
0.9998 1 0.9998 1 0.9996 1 1 0.9996 1 1 0.9998 1 1 1 1 0.9998 1 1 1 1 1 1 1 0.9998 1 0.9998 1 0.9996 0.9998 1 0.9998 1 1 0.9998 1 1 0.9998 0.9998 1 1 1 1 1 0.9996 1 0.9998 0.9998 0.9998 1 1 1 1 1 1 1 1 1 1 1 0.9996 0.9998 1 1 0.9998 1 1 0.9998 1 1 1 1 1 0.9998 1 0.9998 0.9998 1 1 1 1 0.9998 0.9998 1 1 1 1 1 1 1 0.9998 0.9998 1 1 1 1 1 1 1 1 1 1 0.9998 1 1 1 0.9996 1 1 1 1 1 1 1 1 1 0.9998 1 0.9998 0.9998 1 1 1 1 1 1 0.9998 1 1 0.9998 1 1 1 1 0.9998 1 0.9996 0.9994 1 1 1 1 0.9998 1 1 0.9998 1 1 1 1 1 1 0.9998 0.9998 1 0.9998 1 1 1 1 0.9998 1 1 0.9998 0.9998 1 1 1 0.9998 1 0.9996 0.9998 1 1 1 0.9998 1 0.9998 1 1 0.9998 0.9998 1 1 1 1 0.9998 1 1 1 0.9998 0.9998 1 0.9998 1 1 1 1 1 0.9998 0.9998 
1 0.9998 0.9996 1 0.9998 0.9998 0.9998 0.9998 0.9998 1 0.9998 0.9994 0.9994 1 1 0.9996 1 0.9996 0.9998 0.9994 1 0.9994 0.9996 0.9998 0.9996 0.9996 1 0.9998 1 0.9998 1 0.9998 0.9996 0.9998 0.9998 1 0.9998 0.9996 0.9996 0.9992 0.9998 0.9996 1 0.9998 0.9992 1 1 1 1 0.9998 0.9998 1 0.9998 1 0.9998 0.9996 0.9998 0.9998 0.9998 0.9994 0.9992 1 0.9996 0.9998 0.9996 1 0.9998 0.9994 0.9998 0.9996 0.9996 0.9994 1 1 0.9994 1 0.9994 0.9996 1 1 0.9998 0.9996 0.9998 0.9994 0.9996 0.9996 1 1 1 1 0.9996 0.9998 0.9998 0.9998 0.9998 1 0.9998 0.9998 0.9998 1 0.9998 0.9996 0.9998 0.9998 1 1 0.9998 0.9998 0.9998 0.9998 1 0.9998 0.9996 0.9998 0.9998 0.9994 0.9996 0.9996 1 0.9998 0.9996 0.9996 1 1 0.9996 0.9996 0.9994 0.9998 1 0.9998 0.9996 0.9998 1 0.9998 1 0.9998 1 1 0.9998 0.9998 1 0.9996 1 1 1 0.9994 1 0.9998 1 0.9996 0.9998 0.9998 0.9996 1 1 1 1 0.9994 0.9998 1 0.9996 0.9998 0.9998 1 1 0.9998 1 0.9998 0.9996 0.9998 0.9998 0.9998 1 0.9998 0.9998 0.9994 1 1 1 0.9998 0.9998 1 1 1 0.9998 1 1 0.9992 0.9992 0.9994 1 0.9996 1 0.9998 0.9996 0.9994 0.9994 0.9998 1 0.9998 
0.9992 0.9998 0.9998 0.9994 0.9996 0.9996 0.9994 0.9996 1 0.9992 0.9996 0.9994 0.9998 0.9998 0.9998 0.9996 0.9994 1 0.999 0.9994 0.9986 0.9996 0.9994 0.9998 0.9996 0.9992 0.999 0.9998 0.9998 0.9994 0.999 0.9988 0.9996 1 0.9998 0.9996 0.999 0.9996 0.9996 1 0.9978 0.9994 0.9994 0.999 0.9992 0.999 0.9996 1 0.9986 0.9998 0.9992 0.9998 0.9996 0.9998 0.9988 0.999 0.9998 1 0.9988 1 0.9992 0.9996 0.9994 0.9996 0.9996 0.9988 0.9996 0.999 0.9998 0.9998 0.9994 0.999 0.9994 0.9994 0.9994 0.9998 0.9992 0.9992 0.9992 0.9994 0.9998 0.9996 0.9996 0.9996 0.9996 0.9994 0.9992 0.9998 0.9994 0.9996 0.999 0.9996 0.9996 0.9994 0.9996 0.9994 0.9994 0.9998 0.9998 0.9998 0.999 0.9998 0.9996 0.9996 0.9998 0.9994 0.9994 0.9998 0.9994 0.9998 0.9998 0.9996 0.9998 0.9994 0.9998 0.9992 0.9994 0.9994 0.9988 0.9992 0.999 0.9988 1 1 0.9994 0.9996 0.9994 0.9994 0.9998 0.9996 0.9996 0.9994 0.9988 0.9998 0.9994 0.9998 0.9996 0.9996 0.9998 0.9998 0.9994 0.9996 0.9992 0.9992 0.9998 0.9996 0.999 0.9998 1 0.9998 0.9988 0.9996 0.9994 1 0.9996 0.9992 0.999 0.9998 0.9998 0.9988 0.9988 0.9996 0.9996 0.9994 0.9996 0.9994 1 0.9996 0.9998 0.9994 0.9996 1 0.9994 0.9994 0.9994 0.9992 0.999 0.9992 0.9994 0.9996 0.9994 0.9996 0.9994 0.9996 0.9998 0.9998 0.9992 0.9992 0.9996 0.9994 0.9994 0.9982 0.9992 0.9998 0.9998 0.9994 0.9998 0.9994 0.9998 0.9998 
0.9992 0.9998 0.9994 0.999 0.9984 0.9994 0.9988 0.9994 0.9984 0.999 0.999 0.9984 0.9996 0.9984 0.9996 0.9996 0.9988 0.999 0.999 0.9994 0.9994 0.9988 0.9982 0.9992 0.9988 0.9986 0.9992 0.9988 0.9992 0.9994 0.9986 0.9982 0.999 0.9994 0.9998 0.9994 0.9984 0.9988 0.9992 0.999 0.9992 0.9992 0.9988 0.9994 0.9984 0.999 0.9992 0.9994 0.9992 0.9988 0.9986 0.999 0.9994 0.9992 0.9988 0.998 0.9986 0.9992 0.9988 0.9994 0.9994 0.9994 0.9988 0.999 0.9992 0.9984 0.9984 0.9998 0.9992 0.9996 0.9984 0.9986 0.9984 0.9988 0.9994 0.9996 0.998 0.9994 0.9996 0.9984 0.9986 0.9992 0.999 0.9996 0.9998 0.9992 0.999 0.9988 0.999 0.9994 0.9996 0.999 0.9998 0.9988 0.9994 0.9992 0.9992 0.9986 0.9992 0.9984 0.999 0.9996 0.9992 0.9988 0.9986 0.9992 0.9986 0.999 0.9994 0.9978 0.9996 0.999 0.9986 0.9982 0.9974 0.9998 0.9996 0.9994 0.9978 0.9986 0.9994 0.999 0.9982 0.9982 0.9994 0.9986 0.9982 0.9984 0.9998 0.999 0.9988 0.9982 0.9986 1 0.9978 0.9996 0.9984 0.998 0.9994 0.9994 0.998 0.9994 0.999 0.9986 0.9992 0.9994 0.9984 0.9998 0.9988 0.9992 0.9982 0.9988 0.9992 0.9996 0.9996 0.9994 0.9984 0.9986 0.9998 0.999 0.9996 0.998 0.9984 0.9992 0.9986 0.9994 0.998 0.9996 0.999 0.9988 0.9984 0.9986 0.9984 0.998 0.999 0.9982 0.9996 0.9994 0.9992 0.9994 0.9984 0.999 0.9984 0.9992 0.9994 0.9988 0.9994 0.9992 0.9992 0.999 0.9992 0.9978 0.9986 0.9988 0.998 0.998 0.9988 0.9994 0.9996 0.9988 
0.997 0.9992 0.9974 0.9984 0.9978 0.9988 0.9986 0.9976 0.9962 0.9978 0.998 0.9978 0.9992 0.9978 0.998 0.9988 0.9982 0.9982 0.9976 0.9972 0.9982 0.9978 0.998 0.9972 0.9984 0.997 0.998 0.9974 0.9978 0.9976 0.9958 0.9964 0.9988 0.9992 0.9988 0.9966 0.9988 0.9982 0.9978 0.9984 0.9986 0.9982 0.9978 0.9988 0.9984 0.999 0.9982 0.998 0.9986 0.9978 0.9974 0.9976 0.998 0.998 0.9976 0.998 0.9978 0.9978 0.998 0.998 0.998 0.9982 0.9992 0.9968 0.9976 0.9978 0.9988 0.9968 0.9978 0.998 0.9986 0.9976 0.9986 0.9964 0.997 0.9996 0.9986 0.9984 0.9976 0.9978 0.9976 0.9986 0.9992 0.9986 0.9984 0.9978 0.9978 0.9978 0.9984 0.9988 0.999 0.9978 0.9988 0.9978 0.9988 0.998 0.9988 0.998 0.9958 0.9986 0.9986 0.9982 0.9988 0.9976 0.9972 0.9984 0.9974 0.9972 0.997 0.997 0.998 0.9986 0.999 0.9976 0.9986 0.997 0.998 0.9984 0.9984 0.9972 0.998 0.9988 0.9972 0.9988 0.9986 0.9984 0.9962 0.9986 0.9978 0.9984 0.9982 0.997 0.9982 0.9968 0.9988 0.9964 0.9984 0.9976 0.9974 0.9984 0.9986 0.998 0.9976 0.9982 0.9982 0.9982 0.9978 0.9974 0.997 0.999 0.997 0.9974 0.9988 0.9978 0.9972 0.999 0.9958 0.9976 0.9988 0.9984 0.998 0.9976 0.9972 0.9978 0.9988 0.9986 0.9974 0.9972 0.9972 0.9974 0.9984 0.9968 0.9976 0.9984 0.998 0.9982 0.9994 0.9966 0.9972 0.9974 0.9992 0.9976 0.997 0.9972 0.9986 0.999 0.9994 0.998 0.9972 0.9978 0.9982 0.9974 0.9984 0.9966 0.9982 0.9976 0.9986 0.998 0.9968 0.997 
0.996 0.9952 0.9966 0.9978 0.997 0.9974 0.9958 0.9972 0.9972 0.997 0.996 0.9982 0.9972 0.996 0.9966 0.9956 0.9958 0.9968 0.9978 0.9974 0.9974 0.996 0.9964 0.9956 0.9966 0.9982 0.9974 0.9978 0.9968 0.9966 0.9968 0.997 0.9964 0.9948 0.9946 0.9978 0.9976 0.9952 0.9954 0.996 0.9962 0.9966 0.9962 0.996 0.9978 0.9966 0.9966 0.9966 0.9958 0.9986 0.9958 0.9982 0.9962 0.996 0.997 0.9958 0.996 0.9958 0.9982 0.9972 0.9972 0.9958 0.9984 0.9944 0.997 0.9972 0.9964 0.9964 0.996 0.9966 0.9974 0.9978 0.9974 0.9966 0.9976 0.9958 0.997 0.996 0.9972 0.995 0.997 0.996 0.9958 0.9948 0.9954 0.9966 0.9952 0.999 0.9966 0.9966 0.996 0.9982 0.9962 0.9974 0.9962 0.995 0.9954 0.9946 0.995 0.9988 0.997 0.9958 0.9966 0.9956 0.9974 0.9964 0.9972 0.9986 0.9974 0.9978 0.9948 0.997 0.9972 0.997 0.9972 0.9966 0.9968 0.9972 0.996 0.9966 0.9974 0.995 0.9972 0.997 0.997 0.9984 0.9974 0.996 0.9968 0.9966 0.9964 0.9974 0.9962 0.9968 0.9966 0.9966 0.996 0.9972 0.9958 0.995 0.996 0.9964 0.9962 0.9954 0.9956 0.9972 0.9972 0.9964 0.9954 0.9966 0.9966 0.9978 0.9952 0.9972 0.9962 0.9954 0.9966 0.9964 0.9968 0.9968 0.997 0.9964 0.9962 0.998 0.9946 0.9954 0.996 0.9968 0.9958 0.9966 0.9966 0.9966 0.9976 0.9968 0.996 0.9968 0.9964 0.997 0.9972 0.996 0.9946 0.9976 0.997 0.9968 0.9982 0.9968 0.9974 0.9962 0.9972 0.9962 0.9968 0.998 0.9956 0.9968 0.9958 0.9952 0.9966 0.9976 0.9978 0.9958 
0.9946 0.9954 0.9948 0.9956 0.9946 0.9952 0.9942 0.9946 0.993 0.992 0.9954 0.9952 0.9942 0.9952 0.9958 0.9948 0.993 0.9934 0.995 0.9938 0.994 0.9964 0.9954 0.993 0.9956 0.9946 0.9942 0.9924 0.9946 0.9946 0.995 0.9924 0.993 0.9932 0.9952 0.9946 0.9914 0.9942 0.9936 0.9936 0.9938 0.9926 0.9948 0.9948 0.9932 0.991 0.9922 0.9946 0.9938 0.9938 0.9948 0.9944 0.9962 0.9956 0.994 0.9938 0.9948 0.9916 0.9914 0.9936 0.9964 0.994 0.9946 0.9932 0.9958 0.995 0.9956 0.9956 0.9938 0.9938 0.9934 0.9944 0.9938 0.993 0.9956 0.9934 0.9942 0.993 0.9938 0.9956 0.9934 0.9946 0.995 0.9946 0.9942 0.995 0.9936 0.9934 0.9942 0.9942 0.9946 0.9932 0.9938 0.9946 0.995 0.9954 0.996 0.994 0.9954 0.9918 0.9928 0.9948 0.9954 0.9956 0.9932 0.9942 0.9944 0.9944 0.9946 0.9942 0.995 0.9934 0.994 0.994 0.996 0.9942 0.9928 0.9934 0.9932 0.993 0.9946 0.9938 0.9942 0.9948 0.9938 0.9934 0.9968 0.9958 0.9932 0.994 0.9956 0.994 0.994 0.9948 0.993 0.994 0.9938 0.9946 0.9934 0.991 0.9948 0.9944 0.9942 0.993 0.9968 0.9938 0.9944 0.9954 0.9946 0.9926 0.9936 0.9944 0.9952 0.9968 0.9956 0.9956 0.9942 0.9958 0.9948 0.9944 0.9952 0.992 0.9958 0.995 0.9932 0.9928 0.9968 0.9908 0.9962 0.9944 0.9938 0.9924 0.9936 0.9954 0.995 0.9938 0.9926 0.9966 0.9932 0.9966 0.9926 0.9928 0.9952 0.9932 0.9938 0.9948 0.994 0.9918 0.995 0.9938 0.995 0.9946 0.9924 0.995 0.9962 0.9942 0.9916 0.9954 0.992 0.993 
0.9902 0.9912 0.9922 0.9916 0.9906 0.9886 0.992 0.9914 0.99 0.9916 0.9926 0.9894 0.992 0.9886 0.991 0.9898 0.9886 0.9924 0.9928 0.9884 0.9914 0.9924 0.9906 0.9872 0.993 0.9898 0.9926 0.9924 0.992 0.99 0.9928 0.99 0.9922 0.99 0.9936 0.9888 0.991 0.9926 0.9924 0.9918 0.9908 0.9932 0.9918 0.9904 0.9892 0.9866 0.9918 0.9916 0.9908 0.987 0.9898 0.9882 0.9928 0.9904 0.993 0.992 0.9926 0.989 0.9894 0.9908 0.993 0.9918 0.989 0.9908 0.9894 0.9906 0.9912 0.989 0.9926 0.9908 0.9902 0.9912 0.9884 0.991 0.9892 0.989 0.9894 0.9888 0.9936 0.991 0.992 0.9902 0.9944 0.9888 0.9898 0.9946 0.9924 0.9914 0.9914 0.9882 0.9908 0.9912 0.9922 0.9916 0.9916 0.9894 0.9914 0.9898 0.9908 0.9926 0.992 0.9908 0.987 0.9908 0.9942 0.9922 0.99 0.9902 0.9912 0.9894 0.9894 0.9892 0.9924 0.9906 0.9926 0.9924 0.992 0.9938 0.9932 0.993 0.9922 0.992 0.99 0.9902 0.9914 0.99 0.9914 0.9948 0.9928 0.9946 0.992 0.9902 0.9904 0.9926 0.9912 0.9924 0.9904 0.9906 0.992 0.9936 0.9924 0.9904 0.9918 0.9924 0.9846 0.9916 0.9918 0.9916 0.9932 0.9936 0.9892 0.9896 0.9906 0.9918 0.9886 0.9912 0.9892 0.992 0.9926 0.9932 0.9904 0.9926 0.9938 0.9902 0.9896 0.9936 0.9916 0.9902 0.9924 0.9912 0.989 0.9894 0.9912 0.991 0.9906 0.9904 0.992 0.9892 0.9926 0.9916 0.9908 0.9912 0.9922 0.9918 0.991 0.991 0.9914 0.9912 0.9914 0.9904 0.9916 0.9908 0.9896 0.9898 0.994 0.9908 0.993 0.9912 0.994 0.9922 
0.9856 0.9892 0.9864 0.991 0.9896 0.9862 0.9874 0.9846 0.9852 0.988 0.9868 0.9902 0.9838 0.9882 0.9882 0.9844 0.9894 0.9874 0.9864 0.9866 0.9846 0.9866 0.9846 0.9868 0.9898 0.9844 0.99 0.9904 0.99 0.9864 0.985 0.9868 0.9876 0.988 0.987 0.9872 0.983 0.986 0.9856 0.9874 0.9842 0.9874 0.988 0.9868 0.9884 0.988 0.9868 0.9874 0.9864 0.9898 0.9852 0.9836 0.9848 0.9894 0.9886 0.9872 0.9886 0.9818 0.9862 0.9878 0.987 0.985 0.9874 0.9858 0.9884 0.9852 0.9898 0.9876 0.9854 0.984 0.9904 0.9862 0.9888 0.9892 0.9918 0.9866 0.9876 0.9876 0.9872 0.9884 0.9872 0.9876 0.9864 0.9858 0.9872 0.988 0.9892 0.9854 0.9854 0.9894 0.9824 0.9836 0.9874 0.9858 0.986 0.986 0.9898 0.9842 0.9876 0.9862 0.9856 0.9884 0.9848 0.9824 0.9864 0.9876 0.9894 0.9862 0.9888 0.9906 0.9878 0.9848 0.9864 0.9838 0.9894 0.989 0.9864 0.9884 0.9862 0.9894 0.9874 0.9868 0.986 0.9848 0.9844 0.9884 0.9856 0.9844 0.985 0.9892 0.986 0.9862 0.9866 0.9896 0.9866 0.9858 0.989 0.9852 0.985 0.9838 0.986 0.9876 0.9884 0.9878 0.9848 0.99 0.9856 0.9864 0.9866 0.987 0.9854 0.9878 0.985 0.9872 0.9876 0.9858 0.9872 0.9894 0.9876 0.9842 0.9856 0.9872 0.9888 0.9882 0.9856 0.9896 0.9902 0.9884 0.9842 0.9866 0.9868 0.9878 0.9896 0.985 0.9876 0.987 0.9898 0.985 0.9838 0.9858 0.9874 0.9852 0.9848 0.9868 0.9886 0.9848 0.9876 0.9862 0.987 0.9868 0.9844 0.9818 0.983 0.9894 0.9884 0.9856 0.9878 0.9882 0.989 0.9866 
0.9846 0.98 0.982 0.9778 0.9844 0.9802 0.9794 0.9808 0.9812 0.9782 0.9802 0.979 0.982 0.9804 0.984 0.9806 0.9792 0.9788 0.9796 0.9806 0.981 0.979 0.9818 0.98 0.9838 0.981 0.9798 0.9816 0.9798 0.9808 0.9822 0.9824 0.9846 0.981 0.9792 0.9828 0.9808 0.9774 0.9816 0.9814 0.9826 0.978 0.979 0.9788 0.9776 0.977 0.9798 0.9808 0.9784 0.9812 0.9844 0.9798 0.9818 0.9794 0.9758 0.9818 0.9776 0.986 0.9822 0.9826 0.979 0.9796 0.9774 0.9814 0.981 0.9842 0.9778 0.9806 0.9824 0.9848 0.982 0.982 0.9832 0.9818 0.9836 0.9854 0.9794 0.9832 0.9818 0.9828 0.9796 0.9846 0.9726 0.9778 0.9798 0.9824 0.9796 0.982 0.98 0.974 0.982 0.9794 0.9792 0.9778 0.9816 0.9812 0.9832 0.9794 0.9834 0.978 0.9824 0.9804 0.9828 0.9824 0.987 0.9816 0.9842 0.982 0.9808 0.9784 0.9806 0.983 0.9848 0.9816 0.979 0.9838 0.98 0.9782 0.9792 0.9836 0.9834 0.979 0.9788 0.9834 0.9764 0.9796 0.9798 0.9832 0.9794 0.976 0.9828 0.9804 0.9784 0.9822 0.9854 0.9816 0.9804 0.9818 0.9808 0.9788 0.9792 0.9814 0.984 0.9828 0.9768 0.9816 0.9818 0.9844 0.978 0.9828 0.9804 0.9784 0.9822 0.9806 0.9816 0.9836 0.9806 0.9826 0.9828 0.983 0.9834 0.9804 0.9814 0.9814 0.9774 0.9818 0.9816 0.9828 0.9824 0.984 0.9818 0.981 0.9786 0.9824 0.9816 0.9822 0.9852 0.9818 0.9856 0.9828 0.985 0.9786 0.9798 0.9856 0.9828 0.9802 0.9812 0.9788 0.9844 0.9824 0.9834 0.9796 0.9796 0.9824 0.9822 0.9824 0.981 0.9812 0.9824 0.9792 
0.9768 0.977 0.977 0.9726 0.9692 0.9668 0.9698 0.9742 0.974 0.9746 0.9752 0.9712 0.9738 0.9794 0.9742 0.9778 0.9764 0.976 0.9786 0.9744 0.9712 0.9712 0.972 0.9748 0.9802 0.9748 0.9726 0.9636 0.971 0.9712 0.9724 0.9696 0.9746 0.973 0.9738 0.9678 0.9722 0.9718 0.9758 0.976 0.973 0.9708 0.9734 0.9788 0.9698 0.97 0.976 0.9726 0.9764 0.9764 0.9724 0.9724 0.972 0.9724 0.9734 0.9784 0.9692 0.9716 0.9762 0.9738 0.9714 0.9756 0.9746 0.9754 0.9786 0.9762 0.9752 0.973 0.971 0.9752 0.9706 0.9718 0.9776 0.9772 0.9774 0.9718 0.9672 0.9764 0.9728 0.9732 0.9696 0.9814 0.9726 0.9704 0.9752 0.9756 0.9774 0.9776 0.9728 0.9778 0.9734 0.9698 0.9746 0.9762 0.9706 0.9762 0.9802 0.9744 0.9774 0.9758 0.9718 0.9696 0.972 0.9754 0.9742 0.9736 0.9716 0.9702 0.9698 0.9714 0.9728 0.9706 0.9728 0.9728 0.9726 0.9744 0.9736 0.9748 0.9738 0.9788 0.9734 0.9696 0.9692 0.976 0.9786 0.975 0.97 0.9732 0.9762 0.9758 0.9766 0.971 0.9686 0.9774 0.9762 0.9728 0.9726 0.9696 0.9726 0.9754 0.9762 0.9712 0.9704 0.9722 0.9738 0.9716 0.971 0.9752 0.9726 0.9728 0.9722 0.9704 0.971 0.974 0.9734 0.9672 0.9802 0.9804 0.9722 0.9708 0.9732 0.9736 0.9738 0.9768 0.9706 0.971 0.9702 0.9722 0.9758 0.9706 0.9706 0.9782 0.9718 0.975 0.976 0.9718 0.9742 0.9694 0.9698 0.97 0.9804 0.9716 0.9714 0.971 0.9696 0.9666 0.9722 0.9786 0.9754 0.972 0.9742 0.9716 0.969 0.9704 0.9652 0.9646 0.9696 0.9752 0.977 0.9778 
0.9632 0.9642 0.9648 0.961 0.9662 0.9622 0.968 0.9618 0.9608 0.9596 0.9628 0.9652 0.965 0.9642 0.9666 0.9638 0.9698 0.968 0.9618 0.9642 0.9648 0.966 0.9592 0.9594 0.9578 0.9668 0.9682 0.9612 0.9658 0.9644 0.9622 0.9668 0.967 0.9558 0.9606 0.968 0.9686 0.9638 0.9594 0.9646 0.9688 0.9642 0.9624 0.9636 0.9656 0.9686 0.962 0.9662 0.9688 0.9694 0.9652 0.9638 0.9622 0.9624 0.9584 0.9632 0.9634 0.9674 0.9626 0.958 0.9634 0.9614 0.9672 0.9648 0.9732 0.966 0.9686 0.9664 0.9598 0.9606 0.9608 0.96 0.9688 0.9636 0.9632 0.9672 0.9654 0.9578 0.961 0.9596 0.962 0.966 0.9614 0.963 0.963 0.967 0.9678 0.964 0.967 0.9638 0.9668 0.9652 0.9642 0.9624 0.9708 0.9612 0.9564 0.969 0.9646 0.957 0.958 0.9594 0.9632 0.9596 0.958 0.965 0.9678 0.9574 0.9662 0.9646 0.9624 0.9604 0.9622 0.9608 0.9648 0.9638 0.9672 0.9594 0.9586 0.9624 0.9676 0.9634 0.9662 0.9666 0.9668 0.9668 0.9612 0.9688 0.9686 0.9618 0.9668 0.9622 0.9628 0.966 0.9714 0.9616 0.9648 0.9652 0.9658 0.9534 0.9612 0.9628 0.9636 0.967 0.9628 0.9588 0.9654 0.9632 0.9682 0.963 0.9756 0.9644 0.969 0.9668 0.966 0.9618 0.9642 0.9546 0.9574 0.9718 0.964 0.9678 0.9714 0.9594 0.964 0.9676 0.9596 0.9614 0.9648 0.9588 0.9594 0.959 0.9624 0.9564 0.9562 0.956 0.9588 0.9618 0.9592 0.9724 0.9652 0.9614 0.9666 0.9736 0.9648 0.9634 0.9654 0.9618 0.964 0.964 0.9678 0.9648 0.9656 0.9656 0.9584 0.964 0.9712 0.9702 0.965 0.961 
0.962 0.946 0.9534 0.9532 0.945 0.9566 0.945 0.944 0.9554 0.9522 0.9552 0.9588 0.9546 0.952 0.9522 0.9568 0.9558 0.9538 0.9498 0.9564 0.956 0.9546 0.941 0.9534 0.9458 0.9474 0.9396 0.9554 0.9578 0.9508 0.9534 0.9498 0.9534 0.9452 0.9596 0.9578 0.9444 0.9564 0.9534 0.9412 0.953 0.9538 0.9562 0.9458 0.9366 0.9464 0.9592 0.9482 0.9422 0.9476 0.9478 0.9428 0.9482 0.96 0.9518 0.9564 0.9556 0.9558 0.9462 0.9468 0.9488 0.9562 0.954 0.9546 0.952 0.9512 0.9538 0.9524 0.9514 0.951 0.952 0.943 0.9454 0.9554 0.953 0.9546 0.955 0.96 0.9516 0.9518 0.9532 0.9592 0.9562 0.9616 0.9582 0.9572 0.9636 0.9504 0.9508 0.9588 0.9566 0.9614 0.9464 0.9454 0.9484 0.9486 0.9512 0.9518 0.9562 0.9476 0.9558 0.9544 0.942 0.9522 0.9558 0.95 0.95 0.9498 0.95 0.9428 0.9438 0.9536 0.9534 0.9464 0.9462 0.9508 0.9522 0.9458 0.9516 0.9572 0.9584 0.944 0.9438 0.9526 0.9512 0.9508 0.961 0.953 0.9492 0.9456 0.9572 0.9514 0.9546 0.9484 0.9442 0.9552 0.9374 0.9474 0.956 0.9566 0.9498 0.9484 0.9512 0.9514 0.949 0.9434 0.95 0.949 0.961 0.9556 0.955 0.9498 0.9538 0.951 0.9508 0.951 0.9546 0.9522 0.9512 0.95 0.9568 0.9566 0.9512 0.9508 0.9442 0.9528 0.9488 0.9446 0.961 0.954 0.9478 0.953 0.9548 0.9528 0.9534 0.951 0.9508 0.95 0.9556 0.9606 0.9576 0.9466 0.9548 0.9486 0.9476 0.9546 0.953 0.9574 0.9578 0.9582 0.9586 0.9422 0.9442 0.9532 0.9544 0.9488 0.9502 0.9512 0.95 0.9594 
0.9412 0.9408 0.9248 0.9392 0.9362 0.93 0.9326 0.9334 0.9306 0.9232 0.9282 0.9284 0.9308 0.928 0.9376 0.9328 0.9296 0.9346 0.9342 0.9346 0.9408 0.9332 0.9344 0.9332 0.9328 0.9358 0.9308 0.9418 0.9346 0.9272 0.9312 0.9372 0.9324 0.9296 0.9334 0.9338 0.9426 0.931 0.9348 0.943 0.9284 0.937 0.9366 0.9328 0.9294 0.9328 0.9358 0.9316 0.9242 0.9348 0.9398 0.932 0.9306 0.9464 0.9298 0.9426 0.92 0.9334 0.9384 0.9292 0.9344 0.9318 0.928 0.9274 0.935 0.9242 0.928 0.9412 0.9454 0.9366 0.9362 0.9368 0.9282 0.9284 0.9462 0.9368 0.932 0.9316 0.9304 0.9374 0.9442 0.935 0.9314 0.9402 0.9482 0.9304 0.9402 0.9456 0.935 0.9428 0.9404 0.9352 0.9326 0.9382 0.9248 0.9392 0.931 0.9312 0.925 0.9346 0.943 0.9276 0.9356 0.9336 0.937 0.9372 0.9238 0.9388 0.9392 0.939 0.94 0.941 0.9382 0.934 0.9372 0.9404 0.935 0.9356 0.9376 0.9348 0.9354 0.937 0.9372 0.9322 0.9358 0.9408 0.938 0.9362 0.944 0.9288 0.9316 0.92 0.9306 0.9344 0.923 0.9246 0.9254 0.9392 0.9442 0.9264 0.9326 0.9186 0.921 0.9292 0.9374 0.9396 0.9408 0.9324 0.9226 0.926 0.9266 0.9356 0.9246 0.9272 0.9334 0.938 0.9382 0.9408 0.941 0.9392 0.9404 0.9366 0.9352 0.9372 0.9282 0.9346 0.9326 0.9318 0.9396 0.9296 0.9308 0.9352 0.9314 0.9344 0.94 0.934 0.9338 0.9318 0.9228 0.919 0.9316 0.9348 0.9364 0.9264 0.9264 0.9268 0.934 0.9438 0.9386 0.9274 0.9344 0.9304 0.931 0.9224 0.932 0.9338 0.9358 0.9342 0.933 0.9332 
0.93 0.9178 0.896 0.897 0.8992 0.898 0.883 0.9074 0.9134 0.9064 0.9176 0.911 0.9128 0.9032 0.9184 0.9094 0.9168 0.924 0.9224 0.9188 0.928 0.9032 0.9142 0.9066 0.9078 0.8982 0.907 0.9072 0.9058 0.9086 0.9288 0.9044 0.917 0.9122 0.9252 0.907 0.9072 0.918 0.911 0.898 0.9078 0.917 0.9204 0.9246 0.9378 0.921 0.9042 0.9174 0.9238 0.9102 0.9076 0.9038 0.885 0.8852 0.9056 0.903 0.9064 0.9058 0.918 0.9068 0.9276 0.9186 0.9196 0.9136 0.914 0.9186 0.9174 0.916 0.912 0.914 0.9024 0.9042 0.9094 0.9092 0.9032 0.9058 0.924 0.9218 0.916 0.9092 0.9274 0.898 0.9154 0.9142 0.9162 0.9052 0.9064 0.9156 0.9132 0.9134 0.8928 0.9026 0.9036 0.921 0.9196 0.9182 0.9146 0.9076 0.9004 0.909 0.9234 0.9128 0.9104 0.9086 0.9202 0.9036 0.9092 0.9004 0.9052 0.9146 0.8956 0.8952 0.8994 0.9052 0.9114 0.9106 0.9056 0.9044 0.8996 0.9168 0.91 0.899 0.906 0.9018 0.904 0.9036 0.905 0.9174 0.9074 0.919 0.9054 0.8998 0.899 0.8806 0.9044 0.9096 0.922 0.9078 0.9042 0.912 0.9204 0.9144 0.9308 0.9208 0.907 0.9284 0.9102 0.9212 0.9192 0.9176 0.9204 0.9126 0.9118 0.9096 0.926 0.9226 0.9126 0.9134 0.911 0.906 0.9058 0.9048 0.9026 0.8956 0.9132 0.9104 0.908 0.901 0.897 0.9104 0.9164 0.8964 0.909 0.9078 0.924 0.9032 0.9022 0.9048 0.8876 0.8892 0.8896 0.89 0.8878 0.8954 0.9112 0.9086 0.9038 0.8926 0.9008 0.899 0.905 0.9046 0.9074 0.9042 0.9106 0.9072 0.9174 0.9116 0.9112 0.9068 
0.9232 0.8722 0.8812 0.9012 0.902 0.8736 0.8826 0.876 0.8762 0.8754 0.8708 0.857 0.8902 0.8758 0.883 0.8828 0.8458 0.8732 0.8526 0.8834 0.8714 0.8782 0.8794 0.8896 0.8782 0.8762 0.8704 0.8876 0.8878 0.8814 0.8812 0.8864 0.8806 0.8688 0.8822 0.873 0.8686 0.8606 0.8752 0.8934 0.8638 0.8736 0.8668 0.8852 0.8856 0.8862 0.8746 0.8744 0.8862 0.895 0.8778 0.8782 0.8822 0.8808 0.8724 0.879 0.88 0.8802 0.88 0.8696 0.8734 0.8634 0.8738 0.843 0.8542 0.866 0.8804 0.8734 0.8714 0.859 0.866 0.8794 0.8838 0.8784 0.87 0.878 0.8702 0.891 0.8836 0.85 0.8978 0.9072 0.8802 0.8862 0.8864 0.8644 0.8776 0.8898 0.875 0.8924 0.8868 0.8884 0.8888 0.869 0.8792 0.8902 0.886 0.8862 0.873 0.8526 0.8686 0.8922 0.8686 0.8902 0.8774 0.884 0.8804 0.8912 0.8802 0.8878 0.8616 0.876 0.8714 0.885 0.8888 0.8836 0.8742 0.8826 0.8686 0.8762 0.8816 0.8596 0.8714 0.8642 0.8598 0.874 0.8742 0.8832 0.8756 0.867 0.8674 0.8704 0.8828 0.8794 0.8604 0.874 0.8836 0.8708 0.8508 0.8604 0.8612 0.8932 0.893 0.884 0.858 0.8466 0.8664 0.8688 0.8682 0.868 0.8664 0.8592 0.8702 0.8786 0.8712 0.8624 0.8712 0.8558 0.8692 0.8674 0.868 0.886 0.8786 0.879 0.8742 0.8654 0.8646 0.8872 0.891 0.877 0.859 0.8568 0.883 0.8916 0.8698 0.8922 0.8672 0.867 0.8672 0.8752 0.8724 0.8754 0.879 0.8768 0.8798 0.8912 0.864 0.867 0.872 0.8826 0.8748 0.8768 0.8716 0.8914 0.8686 0.8576 0.8498 0.8426 0.8792 0.8778 
0.9012 0.8346 0.8178 0.8304 0.8316 0.831 0.8048 0.8572 0.8606 0.7776 0.8164 0.8528 0.861 0.857 0.8516 0.8538 0.8328 0.831 0.812 0.8116 0.7758 0.8114 0.839 0.8342 0.8154 0.8158 0.8166 0.7766 0.8154 0.776 0.834 0.8394 0.8486 0.8066 0.78 0.7798 0.7808 0.8072 0.8064 0.8586 0.8588 0.8356 0.847 0.8518 0.8516 0.7908 0.8164 0.755 0.774 0.7776 0.8022 0.7976 0.697 0.6998 0.764 0.8184 0.7998 0.8002 0.7938 0.8022 0.7952 0.8136 0.8078 0.8372 0.8086 0.8304 0.8606 0.805 0.8038 0.8032 0.84 0.7878 0.7982 0.8284 0.855 0.8596 0.8634 0.8622 0.8596 0.8392 0.8288 0.8392 0.812 0.7972 0.7864 0.8328 0.809 0.733 0.8354 0.8326 0.8108 0.8122 0.8108 0.81 0.7978 0.7884 0.789 0.792 0.8296 0.8286 0.8288 0.848 0.8574 0.8348 0.8126 0.8192 0.8264 0.844 0.8464 0.8234 0.8414 0.8244 0.7548 0.8264 0.835 0.813 0.801 0.8264 0.8232 0.8316 0.8542 0.8036 0.8056 0.7958 0.8208 0.8146 0.8368 0.8472 0.8458 0.7952 0.7896 0.7898 0.7378 0.8044 0.818 0.8178 0.8324 0.8328 0.8316 0.8312 0.8254 0.8254 0.7936 0.8006 0.798 0.7982 0.8016 0.8262 0.8252 0.7918 0.7916 0.8102 0.8006 0.8326 0.829 0.8296 0.7986 0.7974 0.8198 0.8202 0.8374 0.8208 0.8206 0.8268 0.8426 0.8228 0.816 0.8014 0.8072 0.836 0.805 0.8416 0.8418 0.8416 0.8452 0.8394 0.8268 0.8542 0.8114 0.8308 0.8302 0.8434 0.8826 0.8472 0.8464 0.8314 0.8196 0.8114 0.8378 0.8424 0.842 0.8414 0.8074 0.8098 0.8038 0.802 0.7872 0.8358 0.8248 0.8396 
0.8712 0.8264 0.7784 0.7756 0.729 0.686 0.6902 0.628 0.6322 0.756 0.7116 0.6972 0.7932 0.798 0.7664 0.7166 0.7154 0.7148 0.7134 0.7182 0.7528 0.6988 0.7518 0.7622 0.7808 0.7498 0.7396 0.754 0.603 0.6032 0.667 0.6608 0.6504 0.7024 0.6448 0.5892 0.657 0.6992 0.6708 0.595 0.5872 0.6382 0.6372 0.5866 0.6942 0.6574 0.4226 0.4202 0.421 0.4208 0.4322 0.4326 0.4244 0.4172 0.416 0.4348 0.6106 0.6434 0.3624 0.604 0.6862 0.686 0.6428 0.6426 0.6438 0.7046 0.6962 0.6958 0.763 0.7614 0.719 0.7346 0.671 0.7304 0.6698 0.7172 0.721 0.7472 0.7464 0.7144 0.7136 0.7384 0.6822 0.6732 0.6298 0.631 0.6308 0.567 0.5236 0.1294 0.1296 0.423 0.1466 0.2224 0.223 0.5942 0.3546 0.4128 0.4164 0.4156 0.469 0.4684 0.4732 0.5452 0.5944 0.6616 0.6934 0.6212 0.4628 0.4826 0.5212 0.4828 0.4642 0.5786 0.5032 0.7456 0.7054 0.5816 0.6798 0.5642 0.6586 0.7094 0.776 0.7214 0.7 0.6998 0.694 0.6956 0.6756 0.5942 0.5944 0.4194 0.5644 0.571 0.2256 0.2258 0.2256 0.2264 0.5636 0.4368 0.4372 0.5172 0.515 0.5818 0.5938 0.7378 0.7376 0.606 0.6104 0.6266 0.624 0.7366 0.502 0.4096 0.6032 0.2742 0.273 0.2738 0.1046 0.2102 0.2046 0.572 0.5878 0.589 0.5888 0.2814 0.4866 0.6688 0.6928 0.6932 0.6924 0.729 0.7388 0.6098 0.6196 0.5972 0.5754 0.5566 0.3564 0.6634 0.6778 0.678 0.6848 0.6744 0.759 0.6838 0.6032 0.6018 0.603 0.6362 0.5422 0.5424 0.5282 0.663 0.6632 0.5874 0.419 0.4188 0.348 0.342 
0.8548 0.6928 0.6912 0.5528 0.3798 0.487 0.0908 0.492 0.4916 0.493 0.4922 0.4918 0.4902 0.4562 0.2946 0.1942 0.2628 0.2624 0.2968 0.4166 0.4174 0.3594 0.3604 0.4912 0.4436 0.4438 0.299 0.1866 0.0622 0.0396 0.0474 0.0306 0.0196 0.0574 0.1352 0.135 0.3478 0.3476 0.0004 0.0014 0.0012 0.0582 0.133 0.0516 0.0488 0.0418 0.1236 0.2436 0.2142 0.1294 0.0546 0.0108 0.0634 0.0894 0.0896 0.0884 0.0666 0.0692 0.0694 0.1096 0.1094 0.1012 0.1022 0.1024 0.0592 0.0702 0.1118 0.2372 0.215 0.219 0.2208 0.1778 0.2228 0.2226 0.224 0.2356 0.4918 0.493 0.494 0.5258 0.5262 0.5252 0.5254 0.5132 0.656 0.6122 0.6178 0.6148 0.6202 0.4308 0.589 0.5914 0.5922 0.4362 0.4352 0.4354 0.437 0.1462 0.399 0.3984 0.4272 0.4268 0.3984 0.398 0.3116 0.3126 0.3158 0.3256 0.1014 0.1016 0.1084 0.1158 0.3266 0.2862 0.2858 0.2406 0.2218 0.214 0.2148 0.2176 0.2096 0.084 0.0706 0.0702 0.046 0.0478 0.0006 0.0344 0.0332 0.0236 0.0154 0.009 0.0106 0.078 0.0226 0.0906 0.0908 0.4238 0.2854 0.2906 0.291 0.2906 0.2908 0.2926 0.2472 0.0386 0.0416 0.0436 0.0368 0.1006 0.1014 0.1016 0.0974 0.436 0.4074 0.0248 0.1464 0.3836 0.2488 0.142 0.1284 0.143 0.1428 0.0792 0.0788 0.0782 0.4282 0.184 0.1844 0.1838 0.1834 0.1924 0.1926 0.284 0.2838 0.2836 0.4438 0.0996 0.101 0.0912 0.1586 0.164 0.22 0.2114 0.2116 0.149 0.1492 0.149 0.1908 0.1776 0.1772 0.096 0.064 0.0752 0.0202 0.0094 0.2648 0.2666 0.2664 0.0436 
0.8232 0.822 0.6362 0.6334 0.355 0.553 0.1058 0.0702 0.4202 0.1082 0.1086 0.0396 0.0008 0.0526 0.0466 0.0946 0.0996 0.0936 0.071 0.0542 0.0706 0.0664 0.0558 0.0568 0.0582 0.0852 0.0652 0.0586 0.059 0.0376 0.0304 0.0322 0.0228 0.0218 0.0232 0.0234 0.023 0.0198 0.0056 0.005 0.0118 0.0584 0.0562 0.056 0.0564 0.0534 0.167 0.1794 0.2684 0.3016 0.2628 0.2618 0.2622 0.2582 0.2522 0.2558 0.2456 0.2512 0.2298 0.2296 0.2302 0.2304 0.2302 0.2276 0.2452 0.2106 0.023 0.0638 0.068 0.0692 0.0694 0.0366 0.0382 0.048 0.1384 0.142 0.1406 0.14 0.141 0.2238 0.2058 0.181 0.1848 0.2534 0.2344 0.3458 0.3662 0.3362 0.3244 0.2612 0.2908 0.29 0.2896 0.231 0.1926 0.0184 0.026 0.0814 0.0504 0.0422 0.0436 0.0634 0.0666 0.067 0.1764 0.0314 0.018 0.245 0.2474 0.2466 0.254 0.2538 0.2398 0.2256 0.0852 0.0158 0.0334 0.137 0.1368 0.106 0.0598 0.065 0.058 0.0546 0.055 0.0708 0.1434 0.1494 0.1482 0.1478 0.2422 0.2438 0.2246 0.224 0.2316 0.2314 0.231 0.2308 0.1348 0.135 0.1352 0.1408 0.1356 0.1384 0.1386 0.1404 0.1378 0.1444 0.138 0.1378 0.1394 0.1398 0.1192 0.1392 0.213 0.193 0.1928 0.143 0.0668 0.0138 0.0044 0.0544 0.0892 0.0826 0.0408 0.0824 0.0822 0.087 0.0482 0.0524 0.1214 0.044 0.0444 0.043 0.0442 0.044 0.0392 0.031 0.21 0.2372 0.2332 0.2398 0.2466 0.2578 0.2572 0.2574 0.258 0.2584 0.269 0.2986 0.2242 0.2776 0.2612 0.2616 0.2666 0.2574 0.2636 0.2642 0.2658 0.2376 
0.9974 0.8236 0.4062 0.274 0.2722 0.2726 0.1536 0.1542 0.1082 0.0726 0.1356 0.1208 0.0878 0.0884 0.1186 0.119 0.1022 0.2528 0.1034 0.104 0.1034 0.0606 0.0732 0.0748 0.0746 0.027 0.0784 0.0788 0.1332 0.1384 0.145 0.1014 0.1108 0.0948 0.0926 0.0932 0.0328 0.034 0.0214 0.015 0.0288 0.0294 0.019 0.0126 0.0238 0.034 0.0448 0.0534 0.0554 0.0582 0.097 0.0968 0.0648 0.115 0.1544 0.1776 0.1672 0.1666 0.1568 0.132 0.0452 0.0352 0.0282 0.028 0.0402 0.0566 0.0654 0.066 0.067 0.0682 0.0668 0.0088 0.017 0.0292 0.029 0.0378 0.0634 0.1044 0.0094 0.0176 0.018 0.0164 0.017 0.0002 0.004 0.0036 0.0262 0.0532 0.0586 0.0592 0.0596 0.0492 0.0512 0.0538 0.0088 0.0086 0.011 0.0128 0.0038 0.054 0.0782 0.0784 0.0766 0.068 0.0834 0.0874 0.089 0.0888 0.0966 0.0954 0.1064 0.1074 0.1014 0.1066 0.1082 0.1086 0.1096 0.1376 0.0982 0.0898 0.092 0.12 0.1196 0.112 0.1196 0.155 0.1484 0.1486 0.1746 0.1924 0.1774 0.1782 0.1064 0.104 0.0984 0.1008 0.1 0.1072 0.1628 0.1638 0.1598 0.0828 0.0988 0.1044 0.0974 0.1008 0.014 0.0142 0.0136 0.0176 0.0112 0.0114 0.0136 0.0126 0.017 0.0132 0.0134 0.0536 0.0532 0.0562 0.057 0.0582 0.0098 0.0356 0.0562 0.0636 0.0682 0.0312 0.0046 0.0174 0.056 0.0618 0.0648 0.0634 0.0628 0.0586 0.1222 0.1214 0.0474 0.0212 0.016 0.017 0.0728 0.0126 0.012 0.0122 0.0134 0.004 0.0044 0.068 0.062 0.0604 0.1158 0.116 0.1206 0.1204 0.1202 0.115 0.1162 0.099 
0.6848 0.6846 0.6224 0.6226 0.467 0.4072 0.2332 0.176 0.1884 0.1864 0.1894 0.1468 0.2016 0.1948 0.1066 0.1062 0.18 0.1656 0.1502 0.1492 0.1818 0.1848 0.0984 0.081 0.0832 0.076 0.0756 0.0944 0.099 0.0998 0.1098 0.0202 0.0196 0.015 0.0166 0.0152 0.0044 0.0028 0.0088 0.0172 0.1024 0.0276 0.0338 0.035 0.0346 0.0258 0.026 0.006 0.0018 0.002 0.0054 0.0168 0.0122 0.0016 0.003 0.0468 0.0516 0.052 0.073 0.0762 0.0644 0.0458 0.0474 0.0202 0.0132 0.0136 0.0174 0.0182 0.0346 0.032 0.1074 0.0874 0.0872 0.0896 0.0942 0.1424 0.1412 0.1448 0.1504 0.1874 0.1758 0.1156 0.1158 0.116 0.1162 0.1138 0.0746 0.0738 0.0726 0.0774 0.0772 0.125 0.1252 0.1226 0.1356 0.1354 0.1334 0.1332 0.1374 0.1254 0.11 0.1448 0.1598 0.1604 0.1326 0.1338 0.0446 0.0478 0.0444 0.019 0.0196 0.0192 0.037 0.0208 0.0344 0.034 0.0452 0.0466 0.0282 0.069 0.0774 0.0246 0.0644 0.0594 0.0474 0.045 0.044 0.0004 0.0012 0.0016 0.0292 0.029 0.0446 0.0438 0.0284 0.0292 0.042 0.014 0.0138 0.0044 0.0006 0.0008 0.0002 0.0596 0.0592 0.0572 0.0574 0.0838 0.0836 0.0812 0.0808 0.0888 0.0598 0.0594 0.0758 0.0788 0.0654 0.0096 0.0046 0.0182 0.0178 0.0316 0.0286 0.0278 0.0214 0.0242 0.0266 0.0302 0.031 0.0084 0.0106 0.002 0.0078 0.035 0.0374 0.0372 0.0858 0.0496 0.049 0.047 0.0448 0.0858 0.075 0.0748 0.075 0.0726 0.0724 0.075 0.0706 0.0674 0.0682 0.067 0.0664 0.1162 0.1176 0.1186 0.1188 0.1206 0.0466 0.0562 
0.6774 0.5164 0.5168 0.5162 0.5412 0.484 0.4838 0.484 0.4818 0.4542 0.4608 0.4508 0.4316 0.4296 0.4426 0.4428 0.2388 0.239 0.2396 0.2394 0.2398 0.1192 0.0838 0.1084 0.0422 0.004 0.0044 0.0334 0.0684 0.07 0.0698 0.068 0.153 0.1538 0.0756 0.0446 0.0024 0.045 0.0428 0.0426 0.0466 0.0522 0.0356 0.0568 0.0516 0.0512 0.0516 0.0444 0.0346 0.0712 0.0664 0.0706 0.071 0.077 0.0624 0.0618 0.0538 0.0774 0.0776 0.0672 0.0722 0.0766 0.075 0.0928 0.0932 0.094 0.0928 0.0934 0.0724 0.058 0.06 0.0618 0.129 0.1338 0.1342 0.135 0.2206 0.2328 0.2298 0.1884 0.1812 0.1576 0.1582 0.158 0.1554 0.156 0.1718 0.1252 0.1102 0.1282 0.127 0.1272 0.129 0.0222 0.0224 0.0222 0.0232 0.023 0.011 0.0822 0.0842 0.0882 0.0872 0.0934 0.0972 0.1076 0.089 0.0858 0.0842 0.0858 0.1004 0.106 0.1074 0.1218 0.122 0.139 0.1406 0.137 0.1374 0.147 0.1468 0.1364 0.1366 0.1364 0.1382 0.1404 0.136 0.1354 0.1282 0.1324 0.116 0.1172 0.1134 0.1126 0.1122 0.1136 0.1134 0.1116 0.1128 0.116 0.0588 0.0722 0.0762 0.0746 0.0744 0.099 0.0942 0.0754 0.0756 0.0536 0.0426 0.042 0.0488 0.0484 0.0464 0.0636 0.0482 0.0384 0.045 0.0234 0.024 0.0514 0.0168 0.0156 0.003 0.0036 0.0058 0.0016 0.0114 0.0448 0.0168 0.008 0.0108 0.0044 0.0048 0.0008 0.0028 0.0026 0.0022 0.0258 0.0242 0.0564 0.0538 0.043 0.0428 0.0534 0.0388 0.0298 0.0408 0.039 0.0358 0.043 0.0292 0.011 0.0122 0.0098 0.0128 0.0136 0.0162 0.0292 
0.5746 0.575 0.5756 0.575 0.5754 0.5756 0.537 0.5366 0.5394 0.5414 0.5374 0.5322 0.5178 0.5214 0.5212 0.511 0.5096 0.5088 0.5096 0.4856 0.4846 0.4808 0.4526 0.4388 0.4326 0.4328 0.433 0.4326 0.4024 0.4014 0.2168 0.1744 0.1702 0.171 0.1734 0.171 0.1538 0.1464 0.1362 0.1434 0.1332 0.1404 0.14 0.1406 0.132 0.1296 0.1206 0.1198 0.122 0.117 0.2164 0.2162 0.1896 0.1908 0.1824 0.18 0.1286 0.1284 0.129 0.1284 0.1052 0.0718 0.0636 0.0844 0.0842 0.0912 0.0622 0.0618 0.0646 0.0668 0.067 0.0668 0.07 0.069 0.0766 0.0958 0.1176 0.1188 0.1354 0.141 0.1368 0.1358 0.1484 0.148 0.1482 0.1112 0.111 0.1114 0.1458 0.1238 0.094 0.0936 0.0654 0.0658 0.0662 0.0538 0.0626 0.0636 0.055 0.0054 0.0052 0.018 0.0178 0.0388 0.039 0.0368 0.0372 0.037 0.029 0.0228 0.0132 0.0134 0.0122 0.0032 0.021 0.0212 0.0508 0.0474 0.0522 0.0524 0.0478 0.0588 0.042 0.0416 0.0412 0.0464 0.0598 0.0594 0.06 0.052 0.0538 0.038 0.039 0.0388 0.0406 0.0632 0.066 0.0658 0.0692 0.0714 0.0712 0.0794 0.0918 0.0922 0.0996 0.0998 0.1022 0.08 0.0782 0.0764 0.088 0.0758 0.0784 0.0782 0.0918 0.0922 0.0916 0.073 0.068 0.0718 0.0734 0.0626 0.062 0.0572 0.043 0.0424 0.0446 0.0486 0.0496 0.0414 0.0408 0.0572 0.065 0.022 0.0316 0.0296 0.0274 0.027 0.0272 0.0274 0.0174 0.0252 0.025 0.0184 0.003 0.0056 0.0046 0.0002 0.0238 0.0244 0.0262 0.0134 0.0174 0.0106 0.012 0.0114 0.0096 0.0056 0.0182 0.0068 
0.5376 0.5088 0.4858 0.486 0.4476 0.4294 0.4248 0.4246 0.4248 0.4558 0.4562 0.4558 0.4532 0.4376 0.3504 0.3514 0.3196 0.2712 0.271 0.2434 0.2316 0.2128 0.1868 0.2214 0.233 0.2338 0.2344 0.2358 0.2406 0.2408 0.2354 0.2236 0.2234 0.206 0.2058 0.2106 0.213 0.1896 0.1926 0.1924 0.2016 0.2012 0.1956 0.1672 0.2298 0.2302 0.2348 0.176 0.1898 0.1874 0.186 0.1844 0.2002 0.2054 0.2132 0.2098 0.1624 0.1622 0.1598 0.16 0.1598 0.1616 0.162 0.1632 0.1638 0.0882 0.0688 0.0718 0.0638 0.0662 0.0768 0.075 0.0792 0.0864 0.0728 0.0668 0.0652 0.0634 0.0606 0.0596 0.0292 0.036 0.042 0.0444 0.0382 0.0352 0.0282 0.0226 0.002 0.0026 0.0024 0.0154 0.0184 0.0144 0.0104 0.0012 0.001 0.0196 0.0204 0.0206 0.0208 0.009 0.0092 0.0096 0.0098 0.0094 0.0072 0.0274 0.0308 0.0318 0.0202 0.0134 0.026 0.0264 0.0262 0.0258 0.0246 0.0268 0.0278 0.025 0.0282 0.0198 0.0356 0.0358 0.0388 0.0348 0.035 0.0344 0.0372 0.0326 0.0328 0.0286 0.0282 0.0294 0.0302 0.027 0.0542 0.0578 0.054 0.0534 0.0516 0.0592 0.055 0.0552 0.052 0.0474 0.0562 0.0508 0.047 0.052 0.0518 0.052 0.054 0.06 0.0474 0.0432 0.0408 0.042 0.031 0.015 0.0148 0.0146 0.0144 0.0124 0.0126 0.0174 0.029 0.0288 0.03 0.0302 0.028 0.0218 0.0216 0.0214 0.0234 0.0338 0.0322 0.032 0.0322 0.0356 0.036 0.033 0.0396 0.0476 0.0474 0.043 0.0388 0.0408 0.0406 0.0342 0.0406 0.0386 0.042 0.0434 0.051 0.0514 0.0412 0.0414 0.0392 0.03 
0.9998 0.8584 0.0064 0.0078 0.0154 0.0608 0.1038 0.1092 0.1088 0.1058 0.1018 0.1014 0.105 0.0816 0.0636 0.0286 0.0282 0.0656 0.0558 0.19 0.1584 0.1548 0.147 0.1482 0.1396 0.1398 0.1402 0.1398 0.111 0.114 0.1136 0.1132 0.113 0.1236 0.1238 0.1098 0.11 0.1108 0.1102 0.1308 0.1326 0.036 0.0398 0.0512 0.0494 0.043 0.041 0.0368 0.0352 0.01 0.0086 0.0082 0.0152 0.014 0.0502 0.0476 0.054 0.0594 0.0582 0.0334 0.0328 0.0128 0.011 0.0228 0.0464 0.0364 0.0362 0.0174 0.0178 0.0138 0.0136 0.0024 0.0002 0.0082 0.006 0.0042 0.004 0.0126 0.011 0.0078 0.007 0.0166 0.0102 0.0058 0.0168 0.0128 0.0114 0.0112 0.0162 0.005 0.0238 0.0228 0.0192 0.0188 0.0092 0.0094 0.0054 0.0146 0.0144 0.0188 0.0114 0.0362 0.0346 0.0344 0.0486 0.0482 0.0486 0.045 0.0452 0.046 0.0454 0.0456 0.0432 0.0448 0.0538 0.0382 0.0386 0.0374 0.0672 0.0666 0.0548 0.0558 0.056 0.0556 0.0552 0.056 0.0528 0.0532 0.053 0.0688 0.0682 0.055 0.0554 0.0556 0.0564 0.0488 0.0492 0.0486 0.0494 0.0478 0.0498 0.0548 0.0494 0.0496 0.0526 0.0522 0.0516 0.0496 0.0518 0.052 0.0724 0.0636 0.0622 0.0616 0.0634 0.0604 0.0672 0.0502 0.0546 0.036 0.0348 0.0424 0.0422 0.045 0.039 0.0468 0.0344 0.033 0.0316 0.0318 0.0266 0.0268 0.022 0.0222 0.022 0.0172 0.0224 0.0234 0.0308 0.0306 0.0298 0.0332 0.0334 0.0336 0.0348 0.0288 0.0222 0.022 0.0306 0.0314 0.027 0.0248 0.037 0.0362 0.0396 0.0404 0.0416 0.0342 0.0328 0.036 
0.0912 0.0958 0.1078 0.0076 0.004 0.0076 0.0114 0.035 0.0012 0.0002 0.0004 0.0012 0.002 0.0002 0.0004 0.007 0.0072 0.0092 0.0184 0.0114 0.0138 0.0128 0.0152 0.1138 0.114 0.1142 0.1146 0.1808 0.1758 0.176 0.1766 0.1834 0.183 0.1848 0.1714 0.1662 0.157 0.1566 0.1564 0.1422 0.1444 0.1442 0.1432 0.1508 0.1512 0.1692 0.1774 0.1726 0.149 0.1512 0.1502 0.183 0.1666 0.1688 0.1636 0.1592 0.1682 0.1686 0.1692 0.1668 0.1594 0.1604 0.1638 0.1662 0.1792 0.179 0.1648 0.1682 0.1688 0.1516 0.1514 0.1516 0.1428 0.1256 0.1346 0.1412 0.1426 0.1394 0.1428 0.1434 0.1426 0.1318 0.1358 0.1154 0.1164 0.1132 0.1134 0.1128 0.1126 0.1112 0.1054 0.1052 0.1048 0.1032 0.1034 0.1032 0.1064 0.1008 0.1054 0.1132 0.1106 0.0888 0.0882 0.0928 0.094 0.0926 0.095 0.0954 0.098 0.0976 0.098 0.0876 0.0888 0.1006 0.1004 0.1002 0.0974 0.0972 0.1124 0.1076 0.1062 0.1056 0.105 0.1048 0.093 0.0932 0.093 0.0892 0.0856 0.078 0.0736 0.0704 0.07 0.0706 0.0766 0.0664 0.0782 0.0794 0.0796 0.0794 0.0756 0.0754 0.0806 0.0794 0.0758 0.079 0.0804 0.0806 0.0802 0.0798 0.0804 0.0806 0.0802 0.0792 0.072 0.0812 0.075 0.0792 0.0788 0.0782 0.0858 0.098 0.095 0.092 0.0906 0.0908 0.0934 0.1006 0.0888 0.0884 0.0992 0.0986 0.0984 0.098 0.0978 0.0976 0.0944 0.0946 0.0938 0.092 0.0922 0.0908 0.0834 0.0888 0.1144 0.1266 0.1264 0.1268 0.125 0.124 0.1282 0.1296 0.1294 0.138 0.1334 0.1362 0.1074 0.1026 0.1072 0.0964 
0.5206 0.3926 0.3994 0.348 0.3494 0.357 0.0028 0.0238 0.0236 0.0254 0.0228 0.0408 0.0442 0.0056 0.005 0.0058 0.0206 0.021 0.0148 0.012 0.013 0.0032 0.0102 0.0178 0.0198 0.0246 0.025 0.014 0.0144 0.0114 0.0192 0.0308 0.0306 0.0276 0.0016 0.0066 0.009 0.0012 0.0014 0.0012 0.0044 0.004 0.0042 0.035 0.0324 0.0216 0.027 0.0298 0.039 0.043 0.0226 0.0192 0.0208 0.0296 0.0784 0.0854 0.0856 0.0522 0.0476 0.0474 0.0416 0.033 0.0298 0.0808 0.083 0.0828 0.0844 0.085 0.0956 0.095 0.1148 0.1138 0.1624 0.1606 0.167 0.143 0.1414 0.1416 0.141 0.1366 0.138 0.1398 0.1376 0.1372 0.1358 0.1366 0.1358 0.1436 0.1454 0.1334 0.1252 0.1264 0.1246 0.126 0.1252 0.1242 0.1276 0.129 0.1324 0.1318 0.1322 0.132 0.1088 0.1044 0.0846 0.0856 0.085 0.0922 0.092 0.0832 0.0834 0.0838 0.0832 0.0828 0.0814 0.0606 0.0602 0.0576 0.0608 0.07 0.0746 0.0654 0.0608 0.0602 0.0556 0.0552 0.0346 0.0344 0.0334 0.034 0.0344 0.025 0.0386 0.0468 0.0478 0.06 0.0596 0.0602 0.076 0.0758 0.0756 0.0768 0.0772 0.0768 0.0794 0.0696 0.0694 0.0726 0.055 0.0518 0.0514 0.0574 0.0598 0.0586 0.0602 0.0584 0.0598 0.0578 0.0662 0.0684 0.0592 0.07 0.0704 0.078 0.0776 0.0806 0.1032 0.1058 0.1032 0.102 0.1022 0.0994 0.0982 0.1146 0.1148 0.1184 0.1194 0.1192 0.1308 0.128 0.1254 0.1252 0.097 0.0968 0.0922 0.089 0.088 0.0862 0.0884 0.0846 0.0958 0.0944 0.077 0.0766 0.0706 0.07 0.0702 0.0708 0.0674 0.0682 
0.901 0.7918 0.7654 0.7704 0.77 0.4438 0.4434 0.4296 0.3718 0.3712 0.3734 0.3664 0.2908 0.2912 0.2924 0.292 0.2894 0.2366 0.1918 0.1838 0.1822 0.1858 0.1694 0.1702 0.1546 0.153 0.1528 0.1486 0.1484 0.1336 0.1338 0.1356 0.1352 0.1328 0.1356 0.1354 0.1346 0.1306 0.126 0.1254 0.1252 0.079 0.0774 0.0764 0.0756 0.077 0.1022 0.1018 0.0086 0.0064 0.0078 0.0036 0.0062 0.0144 0.015 0.0156 0.0148 0.015 0.0126 0.0438 0.0408 0.0404 0.0342 0.0412 0.0334 0.031 0.0308 0.0312 0.0328 0.0332 0.0238 0.024 0.0264 0.0256 0.0234 0.0262 0.028 0.0424 0.0402 0.0262 0.0258 0.0238 0.006 0.0728 0.0624 0.0626 0.0606 0.0388 0.0384 0.0376 0.0426 0.0428 0.0424 0.0232 0.0238 0.0242 0.0168 0.0298 0.0308 0.033 0.0322 0.0262 0.0388 0.039 0.0244 0.0246 0.025 0.0406 0.0404 0.034 0.0344 0.0256 0.0254 0.025 0.0258 0.024 0.0162 0.016 0.0158 0.0156 0.015 0.0154 0.0408 0.0438 0.0462 0.047 0.0502 0.0324 0.0314 0.0224 0.0218 0.0202 0.0204 0.0208 0.0202 0.0172 0.018 0.0168 0.0166 0.0162 0.0154 0.015 0.0148 0.028 0.0278 0.0202 0.0368 0.038 0.0382 0.0416 0.0438 0.0436 0.0438 0.0448 0.0444 0.0424 0.0428 0.0426 0.0392 0.052 0.0474 0.0454 0.044 0.0444 0.0274 0.0362 0.0356 0.0376 0.0382 0.0384 0.0366 0.0368 0.0362 0.0358 0.0342 0.0344 0.0338 0.0342 0.039 0.0326 0.033 0.0338 0.0314 0.0756 0.0758 0.0872 0.0882 0.0878 0.0814 0.081 0.0812 0.0762 0.0786 0.0818 0.0844 0.08 0.0828 0.0854 0.0858 0.0794 
0.9834 0.7356 0.5526 0.3212 0.3222 0.3174 0.3188 0.3192 0.3118 0.3168 0.2954 0.3072 0.299 0.3092 0.3076 0.2592 0.2492 0.2476 0.2458 0.2394 0.2392 0.2394 0.238 0.2374 0.1834 0.1674 0.168 0.1774 0.177 0.1846 0.1876 0.187 0.205 0.197 0.1974 0.1972 0.1948 0.1946 0.208 0.2046 0.1196 0.0998 0.102 0.1026 0.1046 0.103 0.102 0.1014 0.1016 0.0932 0.0896 0.0894 0.0902 0.0668 0.0666 0.0594 0.06 0.0506 0.0408 0.0416 0.0444 0.0446 0.0442 0.0438 0.0444 0.0496 0.0508 0.0506 0.0496 0.0526 0.0534 0.0552 0.0554 0.054 0.0062 0.0134 0.0164 0.0274 0.028 0.0008 0.0006 0.0002 0.0004 0.0016 0.0014 0.007 0.0074 0.0084 0.0124 0.0106 0.0104 0.0044 0.0052 0.0026 0.0016 0.0044 0.0046 0.0022 0.0006 0.003 0.0026 0.003 0.0062 0.0056 0.0026 0.0022 0.0072 0.0102 0.0152 0.0156 0.015 0.0146 0.0094 0.0164 0.0312 0.0412 0.0422 0.04 0.0168 0.0366 0.0496 0.0494 0.05 0.044 0.0468 0.0464 0.0458 0.0412 0.043 0.0436 0.0446 0.0452 0.0446 0.0458 0.048 0.0492 0.021 0.02 0.0206 0.0038 0.0012 0.0016 0.0012 0 0.001 0.015 0.014 0.0028 0.0014 0.001 0.0006 0.0104 0.006 0.0058 0.006 0.0052 0.008 0.0108 0.0116 0.0088 0.01 0.0012 0.009 0.01 0.0014 0.0052 0.0036 0.0032 0.0034 0.0026 0.0052 0.005 0.0026 0.0014 0.0036 0.0006 0.0002 0.0084 0.0086 0.0092 0.0076 0.0078 0.0074 0.0168 0.0246 0.0244 0.0202 0.0188 0.0178 0.0192 0.0194 0.0214 0.0204 0.021 0.025 0.0246 0.0256 0.0246 0.025 0.0254 
0.967 0.9668 0.964 0.9384 0.6234 0.6102 0.603 0.6006 0.5528 0.5526 0.5524 0.5572 0.5512 0.548 0.5316 0.5304 0.527 0.3904 0.3912 0.3908 0.3906 0.3904 0.3892 0.3966 0.3528 0.3536 0.3444 0.3446 0.3416 0.341 0.3262 0.2528 0.2532 0.253 0.2382 0.2406 0.151 0.1512 0.1264 0.1286 0.1424 0.143 0.1406 0.1442 0.1438 0.1454 0.1366 0.137 0.1312 0.1252 0.147 0.146 0.144 0.1438 0.1434 0.1444 0.1592 0.1598 0.1602 0.162 0.1636 0.1724 0.1778 0.1676 0.1674 0.14 0.1398 0.1396 0.143 0.1424 0.15 0.1076 0.1078 0.1068 0.0828 0.0906 0.0912 0.0874 0.0764 0.077 0.0772 0.077 0.0778 0.0722 0.071 0.0626 0.0624 0.0622 0.0596 0.044 0.047 0.0556 0.0558 0.0576 0.0634 0.0612 0.0614 0.0608 0.0628 0.063 0.057 0.0602 0.0604 0.0608 0.0508 0.0542 0.055 0.0532 0.0592 0.0616 0.062 0.0592 0.0574 0.0554 0.0576 0.0686 0.0672 0.0658 0.0664 0.0662 0.067 0.0666 0.0658 0.066 0.0566 0.0556 0.051 0.03 0.0296 0.0292 0.038 0.0384 0.0336 0.0362 0.0356 0.0358 0.0124 0.0132 0.0184 0.0186 0.019 0.0082 0.0086 0.0022 0.0022 0.0028 0.0086 0.0048 0.0066 0.0222 0.0152 0.016 0.0196 0.026 0.0278 0.0266 0.0244 0.0242 0.0058 0.0178 0.0182 0.013 0.0128 0.0124 0.0106 0.0102 0.0094 0.0072 0.0046 0.0006 0.0012 0.002 0.0148 0.0144 0.0122 0.015 0.0164 0.0152 0.0154 0.014 0.0142 0.015 0.0152 0.0156 0.0138 0.0136 0.0158 0.0142 0.0144 0.0154 0.017 0.0172 0.0152 0.043 0.0526 0.0524 0.0512 0.055 0.0552 0.0522 
0.909 0.9088 0.9074 0.8752 0.8744 0.872 0.8654 0.8522 0.8514 0.7542 0.748 0.7426 0.717 0.7164 0.716 0.6686 0.657 0.6616 0.6538 0.667 0.6668 0.666 0.657 0.6282 0.628 0.626 0.6132 0.613 0.6018 0.6014 0.604 0.6038 0.5858 0.5854 0.5852 0.5922 0.5878 0.5872 0.4904 0.49 0.4896 0.4854 0.4756 0.4154 0.3948 0.3968 0.3878 0.369 0.358 0.3444 0.3494 0.3492 0.3494 0.3022 0.3014 0.3018 0.3016 0.2988 0.2726 0.26 0.2514 0.252 0.247 0.2528 0.2526 0.2516 0.231 0.2308 0.23 0.2192 0.219 0.2046 0.2114 0.2094 0.2042 0.2026 0.215 0.219 0.2064 0.1782 0.1884 0.188 0.1846 0.1838 0.1826 0.1812 0.1762 0.1738 0.1824 0.1828 0.177 0.1728 0.1696 0.171 0.1714 0.1716 0.1724 0.1728 0.1706 0.1758 0.178 0.1754 0.1766 0.1824 0.1828 0.1858 0.1862 0.1832 0.1626 0.1668 0.166 0.1564 0.1432 0.143 0.1434 0.151 0.1502 0.1494 0.1332 0.1328 0.1308 0.1306 0.1088 0.108 0.1088 0.1024 0.1026 0.0986 0.0898 0.0916 0.0902 0.091 0.0938 0.0934 0.0676 0.057 0.0558 0.0534 0.0532 0.0542 0.054 0.0422 0.0414 0.046 0.0318 0.0316 0.0324 0.0292 0.0286 0.0278 0.0206 0.0204 0.0234 0.022 0.0234 0.0172 0.0176 0.0302 0.0318 0.0306 0.0308 0.036 0.0306 0.0258 0.0272 0.027 0.0274 0.0258 0.0264 0.0262 0.0052 0.0034 0.001 0.0046 0.003 0.0038 0.0036 0.004 0.0036 0.0038 0.003 0.0006 0.0004 0.006 0.0024 0.0044 0.0052 0.0122 0.0134 0.0132 0.004 0.0012 0.0028 0.003 0.0032 0.008 0.0084 0.007 0.003 0.0032 
0.9994 0.9684 0.9582 0.954 0.9518 0.7868 0.7838 0.7664 0.754 0.7276 0.6672 0.6666 0.6672 0.667 0.5972 0.5726 0.5626 0.549 0.5352 0.5266 0.5148 0.5144 0.5164 0.512 0.5116 0.5118 0.5096 0.5066 0.4888 0.4956 0.4952 0.4888 0.4886 0.4878 0.4784 0.4782 0.478 0.477 0.4796 0.4702 0.471 0.4706 0.4558 0.4556 0.4522 0.451 0.4514 0.4474 0.4522 0.452 0.4246 0.426 0.4256 0.4254 0.425 0.4178 0.392 0.3154 0.2476 0.2502 0.256 0.2392 0.2374 0.237 0.2122 0.212 0.2106 0.2128 0.2124 0.1972 0.1976 0.1982 0.1976 0.1974 0.1834 0.1868 0.1838 0.1774 0.1786 0.1788 0.177 0.1636 0.1628 0.1626 0.1754 0.181 0.1814 0.1854 0.184 0.1842 0.1844 0.195 0.1932 0.1934 0.1932 0.193 0.1928 0.2 0.2014 0.1918 0.1796 0.1846 0.2024 0.199 0.2026 0.2022 0.2004 0.2 0.1998 0.1996 0.196 0.1982 0.198 0.2016 0.2032 0.2034 0.2076 0.2152 0.2128 0.2134 0.2116 0.2152 0.1932 0.1866 0.186 0.1876 0.1872 0.186 0.1888 0.184 0.1826 0.1816 0.1686 0.1656 0.1628 0.1638 0.1648 0.1678 0.1704 0.17 0.171 0.1726 0.1728 0.1718 0.1708 0.1716 0.1718 0.175 0.1744 0.1796 0.1754 0.1312 0.131 0.1378 0.1448 0.148 0.143 0.148 0.1494 0.1524 0.146 0.1424 0.146 0.149 0.1506 0.1536 0.151 0.1538 0.1524 0.1522 0.1564 0.1502 0.1518 0.1512 0.1668 0.1662 0.1664 0.1526 0.1534 0.1554 0.1532 0.1564 0.1526 0.1552 0.1584 0.1534 0.153 0.1502 0.1514 0.1512 0.154 0.1542 0.1548 0.153 0.1554 0.1584 0.1634 0.1624 0.164 0.1638 
0.994 0.9916 0.9686 0.9648 0.9618 0.961 0.9608 0.9404 0.9004 0.8984 0.8768 0.8374 0.8366 0.8398 0.822 0.8046 0.7946 0.7602 0.7558 0.7408 0.7406 0.7044 0.7026 0.6996 0.6904 0.6902 0.6928 0.693 0.6928 0.6512 0.651 0.6492 0.647 0.6468 0.6392 0.6368 0.6358 0.6164 0.6148 0.5898 0.5822 0.5824 0.582 0.579 0.5812 0.5694 0.5292 0.5218 0.5008 0.5004 0.5 0.4986 0.498 0.4872 0.4874 0.4558 0.4556 0.4552 0.455 0.4534 0.4532 0.4562 0.4548 0.4598 0.4596 0.4584 0.459 0.4556 0.4572 0.4564 0.414 0.4136 0.4072 0.4082 0.384 0.3816 0.3802 0.37 0.3704 0.3714 0.366 0.362 0.3618 0.3626 0.3624 0.354 0.3572 0.3566 0.3048 0.3056 0.2838 0.288 0.2868 0.2866 0.2892 0.2896 0.2904 0.2964 0.2968 0.3014 0.2858 0.2876 0.2836 0.2824 0.2756 0.2572 0.2568 0.2554 0.2562 0.2568 0.2562 0.2486 0.2484 0.2478 0.2542 0.2536 0.254 0.2524 0.1722 0.168 0.1668 0.1664 0.1666 0.1658 0.172 0.173 0.168 0.1674 0.1706 0.1552 0.1562 0.156 0.1586 0.158 0.168 0.1612 0.1614 0.1604 0.146 0.1486 0.146 0.1446 0.141 0.1402 0.1422 0.148 0.1474 0.149 0.1516 0.1566 0.1568 0.151 0.1532 0.1598 0.1562 0.1564 0.1484 0.1528 0.151 0.1514 0.1512 0.1486 0.1484 0.148 0.1428 0.1468 0.1418 0.1416 0.142 0.1378 0.1354 0.1262 0.1252 0.1262 0.1268 0.1076 0.1078 0.1076 0.0924 0.0778 0.078 0.0796 0.081 0.0776 0.0742 0.0788 0.074 0.0768 0.0788 0.0808 0.0806 0.0778 0.0782 0.0698 0.0706 0.07 0.0694 0.0688 0.069 0.0692 
0.9984 0.9982 0.9948 0.9944 0.9914 0.9558 0.9458 0.9392 0.937 0.915 0.895 0.889 0.887 0.8856 0.8784 0.878 0.8506 0.8182 0.7008 0.6942 0.6788 0.6774 0.6648 0.6636 0.6466 0.6502 0.6472 0.636 0.6322 0.63 0.6336 0.6268 0.6284 0.6204 0.6202 0.62 0.6204 0.6214 0.6168 0.6226 0.6218 0.6156 0.6188 0.6196 0.6202 0.6128 0.6024 0.6022 0.602 0.5988 0.5762 0.576 0.5766 0.5756 0.5656 0.5658 0.5664 0.5662 0.566 0.5656 0.557 0.5324 0.5256 0.525 0.5264 0.531 0.5256 0.5292 0.528 0.5302 0.5316 0.5248 0.5282 0.5272 0.527 0.528 0.5324 0.533 0.5328 0.5322 0.5324 0.5206 0.5254 0.4914 0.491 0.4954 0.4946 0.4948 0.4946 0.4878 0.487 0.4562 0.4524 0.4314 0.4336 0.434 0.4342 0.416 0.4176 0.4172 0.4166 0.413 0.3988 0.3748 0.3746 0.3636 0.3624 0.361 0.3606 0.3632 0.3626 0.3628 0.3622 0.3618 0.3614 0.3612 0.362 0.3606 0.365 0.3596 0.3588 0.3582 0.3578 0.3534 0.3502 0.3476 0.3452 0.3206 0.3212 0.3216 0.3048 0.3042 0.3094 0.3088 0.309 0.3086 0.3084 0.3038 0.298 0.2964 0.2966 0.295 0.2898 0.2902 0.29 0.2914 0.2918 0.293 0.2856 0.2844 0.285 0.2836 0.2838 0.2774 0.2772 0.2802 0.2718 0.2716 0.2762 0.2764 0.2748 0.2642 0.2612 0.2614 0.2612 0.2554 0.239 0.2386 0.2382 0.239 0.2418 0.2416 0.242 0.2562 0.2552 0.255 0.2572 0.2582 0.2512 0.2524 0.2532 0.2526 0.2494 0.243 0.244 0.2438 0.2402 0.2404 0.2358 0.2256 0.226 0.209 0.1764 0.1692 0.1688 0.1692 0.1756 0.1738 0.1786 0.1784 
0.9988 0.997 0.9544 0.9536 0.9452 0.9424 0.938 0.9384 0.885 0.883 0.8824 0.8816 0.8396 0.8332 0.7824 0.782 0.7726 0.7722 0.7724 0.771 0.7614 0.6884 0.6882 0.6878 0.6762 0.675 0.6774 0.6768 0.676 0.6788 0.674 0.6666 0.6536 0.6532 0.5964 0.5916 0.591 0.5886 0.588 0.5378 0.537 0.5134 0.513 0.5156 0.5148 0.5164 0.5116 0.5054 0.5094 0.508 0.5062 0.508 0.4658 0.4672 0.467 0.4646 0.4592 0.4598 0.4574 0.4578 0.4576 0.4548 0.4538 0.4446 0.4422 0.4528 0.4496 0.41 0.4078 0.4064 0.4002 0.3966 0.389 0.3804 0.3864 0.3862 0.3786 0.379 0.3738 0.3734 0.3552 0.358 0.3486 0.3482 0.355 0.353 0.3538 0.3536 0.3534 0.3532 0.351 0.3428 0.3172 0.3168 0.3196 0.315 0.3116 0.2988 0.299 0.2996 0.2966 0.2964 0.297 0.2962 0.2896 0.2908 0.289 0.2888 0.2842 0.2834 0.2824 0.2734 0.2722 0.2726 0.2712 0.2686 0.2656 0.2558 0.256 0.2552 0.2544 0.2548 0.254 0.2552 0.2554 0.2206 0.2214 0.2198 0.2184 0.2194 0.2192 0.2118 0.2116 0.2016 0.2 0.195 0.1954 0.1952 0.197 0.2004 0.2 0.1996 0.1992 0.1914 0.1754 0.1748 0.179 0.18 0.1804 0.1798 0.1834 0.1836 0.184 0.1744 0.1732 0.1702 0.1686 0.1636 0.1688 0.1686 0.1694 0.17 0.1746 0.1514 0.151 0.1468 0.1466 0.1524 0.1516 0.1524 0.1528 0.1522 0.151 0.1516 0.1518 0.144 0.146 0.1462 0.1444 0.14 0.1394 0.139 0.112 0.1114 0.1104 0.1108 0.104 0.103 0.0978 0.0952 0.094 0.093 0.1 0.1006 0.1028 0.1018 0.1016 0.102 0.1014 0.1016 
0.9956 0.9922 0.9722 0.9436 0.9416 0.9326 0.9174 0.9154 0.9124 0.8814 0.8762 0.8764 0.872 0.8718 0.869 0.8626 0.8624 0.8618 0.8616 0.8434 0.8436 0.8428 0.8364 0.836 0.8358 0.835 0.8348 0.8168 0.8146 0.8112 0.7936 0.7856 0.7834 0.7828 0.7816 0.7806 0.7766 0.7694 0.7668 0.7666 0.7632 0.7636 0.757 0.7518 0.7282 0.7168 0.7162 0.7158 0.7156 0.7152 0.7138 0.712 0.7112 0.7108 0.71 0.6978 0.6942 0.6932 0.693 0.6928 0.6844 0.6606 0.66 0.6484 0.648 0.6424 0.642 0.635 0.6348 0.6218 0.6228 0.6198 0.6036 0.6026 0.6066 0.6058 0.6056 0.6058 0.604 0.5846 0.5728 0.5732 0.5628 0.5536 0.5532 0.5496 0.5402 0.5368 0.5372 0.5168 0.5144 0.5138 0.5142 0.5144 0.5166 0.5186 0.518 0.5124 0.5122 0.5024 0.5018 0.4948 0.4894 0.4892 0.4764 0.476 0.4762 0.475 0.4752 0.4646 0.4508 0.4492 0.4398 0.437 0.4364 0.4366 0.435 0.422 0.4222 0.4216 0.4202 0.4192 0.4132 0.4104 0.403 0.4002 0.3994 0.403 0.3874 0.3898 0.3806 0.3734 0.372 0.3718 0.3706 0.3654 0.362 0.3652 0.3616 0.3618 0.3626 0.3604 0.3674 0.367 0.3656 0.3662 0.3668 0.367 0.3654 0.3652 0.364 0.3666 0.3664 0.3666 0.3684 0.3682 0.3684 0.3676 0.3652 0.3624 0.3622 0.3612 0.3516 0.3522 0.3532 0.3526 0.3528 0.3554 0.3524 0.3522 0.352 0.3518 0.3528 0.3516 0.3514 0.3542 0.353 0.3466 0.34 0.3402 0.3322 0.3324 0.3284 0.3288 0.329 0.3332 0.33 0.3264 0.3266 0.3262 0.3332 0.3306 0.3266 0.3244 0.3206 0.3098 0.3126 0.3044 0.3066 0.3068 
0.9994 0.9252 0.904 0.8996 0.899 0.8978 0.8976 0.8936 0.8798 0.8738 0.8732 0.8682 0.8676 0.8454 0.8408 0.8372 0.836 0.8262 0.8196 0.8186 0.8154 0.81 0.8096 0.807 0.8068 0.8062 0.806 0.8054 0.799 0.7982 0.7992 0.7908 0.7244 0.7222 0.7152 0.7138 0.7186 0.7096 0.7106 0.71 0.7114 0.7108 0.7104 0.7088 0.709 0.7086 0.7082 0.7072 0.6998 0.7004 0.6904 0.6908 0.6844 0.6838 0.6742 0.674 0.676 0.6696 0.6676 0.6528 0.6554 0.655 0.654 0.6538 0.637 0.6368 0.6342 0.6392 0.6286 0.6266 0.6226 0.6078 0.6072 0.6068 0.606 0.6054 0.6078 0.5918 0.5874 0.5986 0.597 0.5966 0.5828 0.5822 0.5768 0.572 0.5704 0.5682 0.5668 0.566 0.5644 0.565 0.5646 0.5664 0.5666 0.5664 0.5658 0.5654 0.5626 0.5638 0.5652 0.563 0.5628 0.5634 0.5648 0.5644 0.564 0.5644 0.562 0.5592 0.559 0.5596 0.5586 0.5584 0.543 0.5308 0.5046 0.5034 0.5032 0.5028 0.5014 0.501 0.5002 0.4954 0.495 0.4932 0.4936 0.4894 0.4862 0.4886 0.4898 0.4784 0.471 0.4712 0.4684 0.4668 0.4672 0.4688 0.469 0.4688 0.4634 0.464 0.465 0.4556 0.4538 0.4532 0.4528 0.4508 0.4376 0.4364 0.4358 0.4378 0.4376 0.431 0.4314 0.432 0.4304 0.4314 0.4266 0.426 0.425 0.4248 0.417 0.4116 0.411 0.4106 0.4082 0.4074 0.4066 0.3908 0.3906 0.3908 0.39 0.3896 0.3872 0.3754 0.3734 0.3744 0.3742 0.3696 0.3642 0.3632 0.3636 0.3608 0.3604 0.36 0.3564 0.3608 0.3604 0.3596 0.3592 0.359 0.3608 0.3588 0.3582 0.3578 0.357 0.356 0.3558 0.3566 
0.991 0.9908 0.9864 0.9856 0.9774 0.9714 0.9704 0.9702 0.9698 0.9674 0.9664 0.962 0.96 0.956 0.9526 0.9524 0.9408 0.937 0.9352 0.9348 0.9192 0.919 0.9192 0.9102 0.9022 0.878 0.8756 0.8758 0.8756 0.8708 0.87 0.8702 0.8674 0.867 0.8638 0.8636 0.8606 0.8492 0.8484 0.8458 0.8456 0.8454 0.844 0.8438 0.8436 0.8442 0.8266 0.8264 0.8224 0.822 0.8188 0.816 0.8094 0.8082 0.8064 0.802 0.7966 0.7942 0.7756 0.7752 0.775 0.774 0.7738 0.771 0.7674 0.7648 0.7638 0.748 0.7482 0.7476 0.7478 0.7488 0.7484 0.727 0.7206 0.7164 0.7066 0.7022 0.6942 0.6886 0.682 0.6822 0.6798 0.669 0.67 0.6698 0.6692 0.6548 0.6544 0.632 0.6334 0.6332 0.634 0.615 0.6136 0.6152 0.6134 0.6136 0.61 0.609 0.6088 0.6082 0.5984 0.5842 0.5824 0.5858 0.5856 0.5854 0.5846 0.584 0.5784 0.578 0.5774 0.5732 0.5726 0.5694 0.564 0.5482 0.5446 0.5442 0.5438 0.5424 0.5416 0.5386 0.5392 0.5318 0.5324 0.5342 0.5308 0.531 0.5192 0.5166 0.5096 0.5094 0.5104 0.5102 0.5104 0.503 0.4956 0.482 0.4808 0.4816 0.4802 0.4808 0.4804 0.4812 0.4822 0.473 0.4698 0.4636 0.458 0.4588 0.4552 0.4458 0.446 0.4456 0.4508 0.4506 0.454 0.4522 0.4516 0.4472 0.448 0.4476 0.4474 0.4514 0.45 0.4498 0.4388 0.4378 0.4356 0.4202 0.4144 0.4128 0.4134 0.4108 0.4106 0.4112 0.4116 0.4104 0.4082 0.4048 0.393 0.395 0.396 0.3956 0.395 0.3866 0.3846 0.3838 0.3774 0.3684 0.3682 0.368 0.3674 0.3668 0.3682 0.3686 0.3684 0.3676 
0.9998 0.9984 0.9946 0.992 0.9884 0.9832 0.9764 0.9762 0.976 0.9676 0.9672 0.946 0.9422 0.942 0.9406 0.9398 0.9178 0.9172 0.8822 0.8812 0.881 0.8814 0.8818 0.8782 0.8664 0.8636 0.861 0.851 0.8484 0.8466 0.8468 0.846 0.844 0.8422 0.825 0.8242 0.8196 0.8192 0.819 0.8066 0.7972 0.7974 0.7948 0.7936 0.793 0.7922 0.7918 0.7916 0.784 0.7832 0.779 0.7788 0.7702 0.7698 0.7692 0.7652 0.7648 0.7378 0.7376 0.7374 0.7356 0.7354 0.7336 0.7332 0.7326 0.7248 0.7246 0.7212 0.722 0.7192 0.7138 0.7064 0.706 0.7038 0.7012 0.6866 0.681 0.6784 0.6782 0.6768 0.6778 0.6718 0.6714 0.6754 0.6732 0.6738 0.667 0.6614 0.6602 0.6592 0.6604 0.6602 0.6606 0.6528 0.6476 0.6474 0.631 0.6228 0.6224 0.62 0.6194 0.6192 0.6082 0.6068 0.6054 0.6028 0.606 0.6054 0.604 0.598 0.5958 0.583 0.5664 0.567 0.566 0.5618 0.5614 0.5444 0.542 0.544 0.5432 0.5428 0.543 0.5426 0.5394 0.5318 0.5322 0.5298 0.529 0.5274 0.5234 0.5232 0.5262 0.526 0.5252 0.5296 0.5302 0.5314 0.531 0.5306 0.5302 0.524 0.5234 0.516 0.5158 0.5156 0.5136 0.5134 0.5176 0.512 0.5136 0.5112 0.511 0.5136 0.5094 0.509 0.5044 0.5048 0.5058 0.5052 0.5056 0.506 0.5058 0.5038 0.4988 0.4874 0.4868 0.4836 0.4842 0.4844 0.4852 0.4854 0.4888 0.489 0.49 0.489 0.4882 0.4888 0.4862 0.4852 0.4892 0.4858 0.4856 0.4852 0.4848 0.4862 0.485 0.4822 0.4798 0.479 0.481 0.4812 0.4802 0.4836 0.484 0.4838 0.4828 0.4832 0.4768 0.4756 
0.9998 0.9898 0.9894 0.9892 0.9872 0.9856 0.9854 0.9664 0.966 0.965 0.9648 0.9646 0.9642 0.964 0.9638 0.963 0.9614 0.9612 0.9578 0.9484 0.939 0.9322 0.9292 0.9282 0.925 0.9222 0.9224 0.916 0.913 0.9108 0.9094 0.9024 0.8996 0.8994 0.8986 0.8976 0.8944 0.8878 0.8874 0.8852 0.8806 0.8814 0.8812 0.8806 0.8634 0.8556 0.854 0.8524 0.8512 0.8502 0.8498 0.8402 0.84 0.839 0.8388 0.834 0.8338 0.8258 0.8256 0.8222 0.815 0.8152 0.809 0.8006 0.796 0.7844 0.7674 0.7558 0.741 0.7412 0.743 0.7412 0.7408 0.74 0.7374 0.73 0.7278 0.7268 0.7152 0.7176 0.7138 0.7108 0.711 0.7116 0.7098 0.709 0.7048 0.7052 0.701 0.7006 0.6976 0.6958 0.6936 0.6836 0.681 0.6778 0.6672 0.6668 0.6654 0.6652 0.6644 0.6632 0.6642 0.6636 0.6634 0.6516 0.65 0.6492 0.6308 0.631 0.6288 0.6286 0.6154 0.6146 0.6092 0.6096 0.6094 0.6088 0.6056 0.6058 0.6018 0.6032 0.5888 0.5868 0.5866 0.5892 0.5906 0.5922 0.5936 0.5902 0.59 0.5902 0.5872 0.5868 0.5864 0.5862 0.5732 0.5734 0.573 0.5584 0.558 0.5566 0.5574 0.548 0.5482 0.5404 0.535 0.5326 0.5316 0.5312 0.5318 0.5314 0.5312 0.5302 0.5122 0.5114 0.5064 0.5034 0.5032 0.4978 0.4976 0.496 0.4958 0.491 0.4882 0.488 0.4842 0.4862 0.4816 0.4726 0.471 0.4704 0.471 0.4708 0.4706 0.472 0.4704 0.4702 0.4698 0.4712 0.4708 0.4706 0.4694 0.469 0.456 0.4556 0.455 0.4548 0.4552 0.455 0.4546 0.4544 0.4476 0.4326 0.4332 0.4246 0.4242 0.4234 0.4226 0.4222 
0.9996 0.9984 0.9982 0.9974 0.9878 0.9822 0.977 0.9702 0.9698 0.9634 0.9586 0.9572 0.9576 0.9566 0.931 0.9286 0.9254 0.9256 0.9254 0.9026 0.897 0.8964 0.8962 0.8884 0.8874 0.887 0.8868 0.8826 0.8666 0.8614 0.8464 0.8456 0.8436 0.845 0.8452 0.8432 0.843 0.844 0.8374 0.8372 0.8376 0.8306 0.8252 0.8196 0.8126 0.8116 0.8072 0.8048 0.804 0.8032 0.8018 0.7906 0.7902 0.7874 0.7818 0.7824 0.7742 0.7646 0.7654 0.7634 0.764 0.7622 0.7572 0.7552 0.7546 0.7544 0.7528 0.752 0.7526 0.7522 0.7508 0.7506 0.7474 0.7408 0.7298 0.7294 0.7298 0.7284 0.7048 0.7042 0.7058 0.6966 0.6964 0.6944 0.6788 0.673 0.6726 0.673 0.6724 0.6664 0.6658 0.6598 0.655 0.654 0.6534 0.6548 0.638 0.63 0.6298 0.6296 0.6228 0.6022 0.6018 0.5982 0.5962 0.5952 0.5928 0.5924 0.5922 0.5958 0.5964 0.59 0.576 0.5624 0.5626 0.559 0.5594 0.5602 0.5598 0.5602 0.56 0.5594 0.5592 0.5572 0.554 0.5524 0.5494 0.5544 0.554 0.5538 0.554 0.5444 0.5398 0.5426 0.5416 0.5414 0.5392 0.5402 0.538 0.5368 0.5188 0.516 0.5148 0.509 0.5088 0.5094 0.5092 0.508 0.5062 0.5064 0.5076 0.5062 0.5082 0.508 0.5074 0.5068 0.5092 0.5082 0.5072 0.5046 0.504 0.5062 0.5082 0.5078 0.5056 0.5058 0.5042 0.504 0.5038 0.5032 0.4962 0.496 0.494 0.4936 0.492 0.4894 0.4844 0.485 0.4854 0.4852 0.4878 0.4874 0.4842 0.4846 0.4838 0.4792 0.48 0.479 0.4744 0.4728 0.4752 0.475 0.4766 0.479 0.4798 0.4796 0.4794 0.4802 0.4794 0.4806 
0.9996 0.9986 0.9976 0.9812 0.981 0.9808 0.9624 0.9618 0.9566 0.9554 0.9508 0.9448 0.9446 0.9368 0.9366 0.9318 0.9242 0.924 0.9238 0.9226 0.9216 0.9204 0.919 0.9132 0.9118 0.91 0.9072 0.9066 0.9062 0.9072 0.9066 0.8998 0.8968 0.8966 0.8958 0.895 0.8944 0.8926 0.883 0.8828 0.8816 0.8752 0.8732 0.873 0.8706 0.8702 0.87 0.8698 0.8696 0.8636 0.8654 0.8642 0.8534 0.8532 0.8468 0.8464 0.8444 0.8392 0.838 0.8352 0.8342 0.8352 0.8348 0.8318 0.8314 0.831 0.8264 0.8232 0.823 0.818 0.8092 0.8072 0.8066 0.7904 0.7866 0.7862 0.786 0.7706 0.7688 0.768 0.7658 0.7632 0.756 0.7544 0.754 0.7536 0.7528 0.7512 0.751 0.7496 0.725 0.7232 0.722 0.7068 0.7034 0.7014 0.6994 0.7004 0.6888 0.6864 0.6888 0.6876 0.6866 0.684 0.6792 0.6668 0.6656 0.6666 0.6646 0.6642 0.664 0.6642 0.6634 0.6638 0.6584 0.6572 0.6588 0.658 0.6572 0.657 0.6602 0.6556 0.6552 0.6542 0.6532 0.6496 0.6482 0.6484 0.6482 0.648 0.6412 0.6372 0.637 0.6396 0.634 0.633 0.6312 0.631 0.6306 0.6214 0.623 0.6216 0.6188 0.6184 0.6196 0.6204 0.6182 0.6166 0.6164 0.6144 0.6126 0.6114 0.613 0.612 0.6112 0.6118 0.6114 0.6086 0.6082 0.6046 0.6036 0.6004 0.6008 0.5974 0.5926 0.5908 0.5864 0.5858 0.586 0.584 0.5834 0.553 0.5444 0.5452 0.529 0.5288 0.531 0.53 0.5296 0.5298 0.5296 0.5288 0.5294 0.528 0.526 0.5238 0.5216 0.5194 0.5168 0.5148 0.5156 0.5094 0.5056 0.502 0.5018 0.4996 0.5012 0.5014 0.5002 0.5004 
