 Z axis is All Size=100 GenerationNum=200 GenerationWay=1 J=1 H=0 KbT starts from0 KbT ends at5 KbT's step is0.1
-2 -2 -2 -2 -2 -2 -2 -2 -2 -2 -2 -2 -2 -2 -2 -2 -2 -2 -2 -2 -2 -2 -2 -2 -2 -2 -2 -2 -2 -2 -2 -2 -2 -2 -2 -2 -2 -2 -2 -2 -2 -2 -2 -2 -2 -2 -2 -2 -2 -2 -2 -2 -2 -2 -2 -2 -2 -2 -2 -2 -2 -2 -2 -2 -2 -2 -2 -2 -2 -2 -2 -2 -2 -2 -2 -2 -2 -2 -2 -2 -2 -2 -2 -2 -2 -2 -2 -2 -2 -2 -2 -2 -2 -2 -2 -2 -2 -2 -2 -2 -2 -2 -2 -2 -2 -2 -2 -2 -2 -2 -2 -2 -2 -2 -2 -2 -2 -2 -2 -2 -2 -2 -2 -2 -2 -2 -2 -2 -2 -2 -2 -2 -2 -2 -2 -2 -2 -2 -2 -2 -2 -2 -2 -2 -2 -2 -2 -2 -2 -2 -2 -2 -2 -2 -2 -2 -2 -2 -2 -2 -2 -2 -2 -2 -2 -2 -2 -2 -2 -2 -2 -2 -2 -2 -2 -2 -2 -2 -2 -2 -2 -2 -2 -2 -2 -2 -2 -2 -2 -2 -2 -2 -2 -2 -2 -2 -2 -2 -2 -2 
-2 -2 -2 -2 -2 -2 -2 -2 -2 -2 -2 -2 -2 -2 -2 -2 -2 -2 -2 -2 -2 -2 -2 -2 -2 -2 -2 -2 -2 -2 -2 -2 -2 -2 -2 -2 -2 -2 -2 -2 -2 -2 -2 -2 -2 -2 -2 -2 -2 -2 -2 -2 -2 -2 -2 -2 -2 -2 -2 -2 -2 -2 -2 -2 -2 -2 -2 -2 -2 -2 -2 -2 -2 -2 -2 -2 -2 -2 -2 -2 -2 -2 -2 -2 -2 -2 -2 -2 -2 -2 -2 -2 -2 -2 -2 -2 -2 -2 -2 -2 -2 -2 -2 -2 -2 -2 -2 -2 -2 -2 -2 -2 -2 -2 -2 -2 -2 -2 -2 -2 -2 -2 -2 -2 -2 -2 -2 -2 -2 -2 -2 -2 -2 -2 -2 -2 -2 -2 -2 -2 -2 -2 -2 -2 -2 -2 -2 -2 -2 -2 -2 -2 -2 -2 -2 -2 -2 -2 -2 -2 -2 -2 -2 -2 -2 -2 -2 -2 -2 -2 -2 -2 -2 -2 -2 -2 -2 -2 -2 -2 -2 -2 -2 -2 -2 -2 -2 -2 -2 -2 -2 -2 -2 -2 -2 -2 -2 -2 -2 -2 
-2 -2 -2 -2 -2 -2 -2 -2 -2 -2 -2 -2 -2 -2 -2 -2 -2 -2 -2 -2 -2 -2 -2 -2 -2 -2 -2 -2 -2 -2 -2 -2 -2 -2 -2 -2 -2 -2 -2 -2 -2 -2 -2 -2 -2 -2 -2 -2 -2 -2 -2 -2 -2 -2 -2 -2 -2 -2 -2 -2 -2 -2 -2 -2 -2 -2 -2 -2 -2 -2 -2 -2 -2 -2 -2 -2 -2 -2 -2 -2 -2 -2 -2 -2 -2 -2 -2 -2 -2 -2 -2 -2 -2 -2 -2 -2 -2 -2 -2 -2 -2 -2 -2 -2 -2 -2 -2 -2 -2 -2 -2 -2 -2 -2 -2 -2 -2 -2 -2 -2 -2 -2 -2 -2 -2 -2 -2 -2 -2 -2 -2 -2 -2 -2 -2 -2 -2 -2 -2 -2 -2 -2 -2 -2 -2 -2 -2 -2 -2 -2 -2 -2 -2 -2 -2 -2 -2 -2 -2 -2 -2 -2 -2 -2 -2 -2 -2 -2 -2 -2 -2 -2 -2 -2 -2 -2 -2 -2 -2 -2 -2 -2 -2 -2 -2 -2 -2 -2 -2 -2 -2 -2 -2 -2 -2 -2 -2 -2 -2 -2 
-2 -2 -2 -2 -2 -2 -2 -2 -2 -2 -2 -2 -2 -2 -2 -2 -2 -2 -2 -2 -2 -2 -2 -2 -2 -2 -2 -2 -2 -2 -2 -2 -2 -2 -2 -2 -2 -2 -2 -2 -2 -2 -2 -2 -2 -2 -2 -2 -2 -2 -2 -2 -2 -2 -2 -2 -2 -2 -2 -2 -2 -2 -2 -2 -2 -2 -2 -2 -2 -2 -2 -2 -2 -2 -2 -2 -2 -2 -2 -2 -2 -2 -2 -2 -2 -2 -2 -2 -2 -2 -2 -2 -2 -2 -2 -2 -2 -2 -2 -2 -2 -2 -2 -2 -2 -2 -2 -2 -2 -2 -2 -2 -2 -2 -2 -2 -2 -2 -2 -2 -2 -2 -2 -2 -2 -2 -2 -2 -2 -2 -2 -2 -2 -2 -2 -2 -2 -2 -2 -2 -2 -2 -2 -2 -2 -2 -2 -2 -2 -2 -2 -2 -2 -2 -2 -2 -2 -2 -2 -2 -2 -2 -2 -2 -2 -2 -2 -2 -2 -2 -2 -2 -2 -2 -2 -2 -2 -2 -2 -2 -2 -2 -2 -2 -2 -2 -2 -2 -2 -2 -2 -2 -2 -2 -2 -2 -2 -2 -2 -2 
-2 -2 -2 -2 -2 -2 -2 -2 -2 -2 -2 -2 -2 -2 -2 -2 -2 -2 -2 -2 -2 -2 -2 -2 -2 -2 -2 -2 -2 -2 -2 -2 -2 -2 -2 -2 -2 -2 -2 -2 -2 -2 -2 -2 -2 -2 -2 -2 -2 -2 -2 -2 -2 -2 -2 -2 -2 -2 -2 -2 -2 -2 -2 -2 -2 -2 -2 -2 -2 -2 -2 -2 -2 -2 -2 -2 -2 -2 -2 -2 -2 -2 -2 -2 -2 -2 -2 -2 -2 -2 -2 -2 -2 -2 -2 -2 -2 -2 -2 -2 -2 -2 -2 -2 -2 -2 -2 -2 -2 -2 -2 -2 -2 -2 -2 -2 -2 -2 -2 -2 -2 -2 -2 -2 -2 -2 -2 -2 -2 -2 -2 -2 -2 -2 -2 -2 -2 -2 -2 -2 -2 -2 -2 -2 -2 -2 -2 -2 -2 -2 -2 -2 -2 -2 -2 -2 -2 -2 -2 -2 -2 -2 -2 -2 -2 -2 -2 -2 -2 -2 -2 -2 -2 -2 -2 -2 -2 -2 -2 -2 -2 -2 -2 -2 -2 -2 -2 -2 -2 -2 -2 -2 -2 -2 -2 -2 -2 -2 -2 -2 
-2 -2 -2 -2 -2 -2 -2 -2 -2 -2 -2 -2 -2 -2 -2 -2 -2 -2 -2 -2 -2 -2 -2 -2 -2 -2 -2 -2 -2 -2 -2 -2 -2 -2 -2 -2 -1.9992 -2 -2 -2 -2 -2 -2 -2 -2 -2 -2 -2 -2 -2 -2 -2 -2 -2 -2 -2 -2 -2 -2 -2 -2 -2 -2 -2 -2 -2 -2 -2 -2 -2 -2 -2 -2 -2 -2 -2 -2 -2 -2 -2 -2 -2 -2 -2 -2 -2 -2 -2 -2 -2 -2 -2 -2 -2 -2 -2 -2 -2 -2 -2 -2 -2 -2 -2 -2 -2 -2 -2 -2 -2 -2 -2 -2 -2 -2 -2 -2 -2 -2 -2 -2 -2 -2 -2 -2 -2 -2 -2 -2 -2 -2 -2 -2 -2 -2 -2 -2 -2 -2 -2 -2 -2 -2 -2 -2 -2 -2 -2 -2 -2 -2 -2 -2 -2 -2 -2 -2 -2 -2 -2 -2 -2 -2 -2 -2 -2 -2 -2 -2 -2 -2 -2 -2 -2 -2 -2 -2 -2 -2 -2 -2 -2 -2 -2 -2 -2 -2 -2 -2 -2 -2 -2 -2 -2 -2 -2 -2 -2 -2 -2 
-2 -2 -2 -2 -2 -2 -2 -2 -2 -2 -2 -2 -2 -2 -2 -2 -2 -2 -2 -2 -2 -2 -2 -2 -2 -2 -2 -2 -2 -2 -2 -2 -2 -2 -2 -2 -2 -2 -2 -2 -2 -2 -2 -2 -2 -2 -2 -2 -2 -2 -2 -2 -2 -2 -2 -2 -2 -2 -2 -2 -2 -2 -2 -2 -2 -2 -2 -2 -2 -2 -2 -2 -2 -2 -2 -2 -2 -2 -2 -2 -2 -2 -2 -2 -2 -2 -2 -2 -2 -2 -2 -2 -2 -2 -2 -2 -2 -2 -2 -2 -2 -2 -2 -2 -2 -2 -2 -2 -2 -2 -2 -2 -1.9992 -2 -2 -2 -2 -2 -2 -2 -2 -2 -2 -2 -2 -2 -2 -2 -2 -2 -2 -2 -2 -2 -2 -2 -2 -2 -2 -2 -2 -2 -2 -2 -2 -2 -2 -2 -2 -2 -2 -2 -2 -2 -2 -2 -2 -2 -2 -2 -1.9992 -2 -2 -2 -2 -1.9992 -2 -2 -2 -2 -2 -2 -1.9992 -2 -2 -2 -2 -2 -2 -2 -2 -2 -2 -2 -2 -2 -2 -2 -2 -2 -2 -2 -2 -1.9992 -2 -2 -2 -2 -2 -2 
-2 -2 -2 -2 -2 -2 -2 -2 -1.9992 -2 -2 -2 -2 -2 -2 -2 -2 -2 -2 -2 -1.9992 -1.9992 -2 -2 -2 -2 -2 -2 -2 -1.9992 -1.9992 -2 -2 -1.9992 -2 -2 -2 -2 -2 -2 -2 -2 -2 -1.9992 -2 -2 -2 -2 -2 -2 -2 -1.9992 -2 -2 -2 -1.9992 -2 -2 -2 -2 -2 -2 -2 -2 -2 -2 -2 -2 -2 -1.9992 -2 -2 -2 -2 -2 -2 -2 -2 -2 -2 -2 -2 -2 -2 -2 -2 -2 -1.9988 -2 -2 -2 -2 -2 -2 -2 -2 -2 -2 -2 -2 -2 -2 -2 -2 -2 -2 -2 -2 -2 -2 -2 -2 -2 -2 -2 -2 -2 -1.9992 -2 -2 -2 -2 -2 -2 -2 -2 -2 -2 -2 -2 -2 -2 -2 -2 -2 -2 -2 -2 -2 -2 -2 -2 -2 -2 -2 -2 -2 -2 -2 -1.9992 -2 -2 -2 -2 -2 -2 -2 -2 -2 -2 -2 -2 -2 -2 -2 -2 -2 -2 -2 -2 -2 -2 -2 -2 -2 -2 -2 -1.9992 -2 -2 -2 -2 -2 -2 -2 -2 -1.9992 -2 -2 -2 -2 -2 -2 -2 -2 -2 -2 -1.9992 -2 -1.9992 
-1.9992 -2 -1.9992 -2 -1.9984 -2 -2 -1.9984 -2 -2 -1.9992 -2 -2 -2 -2 -1.9992 -2 -2 -2 -2 -2 -2 -2 -1.9992 -2 -1.9992 -2 -1.9988 -1.9992 -2 -1.9992 -2 -2 -1.9992 -2 -2 -1.9992 -1.9992 -2 -2 -2 -2 -2 -1.9984 -2 -1.9992 -1.9992 -1.9992 -2 -2 -2 -2 -2 -2 -2 -2 -2 -2 -2 -1.9984 -1.9992 -2 -2 -1.9992 -2 -2 -1.9992 -2 -2 -2 -2 -2 -1.9992 -2 -1.9992 -1.9992 -2 -2 -2 -2 -1.9992 -1.9992 -2 -2 -2 -2 -2 -2 -2 -1.9992 -1.9992 -2 -2 -2 -2 -2 -2 -2 -2 -2 -2 -1.9992 -2 -2 -2 -1.9984 -2 -2 -2 -2 -2 -2 -2 -2 -2 -1.9992 -2 -1.9992 -1.9992 -2 -2 -2 -2 -2 -2 -1.9992 -2 -2 -1.9992 -2 -2 -2 -2 -1.9992 -2 -1.9984 -1.9976 -2 -2 -2 -2 -1.9992 -2 -2 -1.9992 -2 -2 -2 -2 -2 -2 -1.9992 -1.9992 -2 -1.9992 -2 -2 -2 -2 -1.9992 -2 -2 -1.9992 -1.9992 -2 -2 -2 -1.9992 -2 -1.9988 -1.9992 -2 -2 -2 -1.9992 -2 -1.9992 -2 -2 -1.9992 -1.9992 -2 -2 -2 -2 -1.9992 -2 -2 -2 -1.9992 -1.9992 -2 -1.9992 -2 -2 -2 -2 -2 -1.9992 -1.9992 
-2 -1.9992 -1.9984 -2 -1.9992 -1.9992 -1.9992 -1.9992 -1.9992 -2 -1.9992 -1.9976 -1.9976 -2 -2 -1.9984 -2 -1.9984 -1.9992 -1.9976 -2 -1.9976 -1.9984 -1.9992 -1.9984 -1.9984 -2 -1.9992 -2 -1.9992 -2 -1.9992 -1.9984 -1.9992 -1.9992 -2 -1.9992 -1.9984 -1.9984 -1.9968 -1.9992 -1.9984 -2 -1.9992 -1.9968 -2 -2 -2 -2 -1.9992 -1.9992 -2 -1.9992 -2 -1.9992 -1.9984 -1.9992 -1.9992 -1.9992 -1.9976 -1.9968 -2 -1.9984 -1.9992 -1.9984 -2 -1.9992 -1.998 -1.9992 -1.9984 -1.9984 -1.9976 -2 -2 -1.9976 -2 -1.9976 -1.9984 -2 -2 -1.9992 -1.9984 -1.9992 -1.9976 -1.9984 -1.9984 -2 -2 -2 -2 -1.9984 -1.9992 -1.9992 -1.9992 -1.9992 -2 -1.9992 -1.9992 -1.9992 -2 -1.9992 -1.9984 -1.9992 -1.9992 -2 -2 -1.9992 -1.9992 -1.9992 -1.9992 -2 -1.9992 -1.9984 -1.9992 -1.9992 -1.9976 -1.9984 -1.9984 -2 -1.9992 -1.9984 -1.9984 -2 -2 -1.9984 -1.9984 -1.9976 -1.9992 -2 -1.9992 -1.9984 -1.9992 -2 -1.9992 -2 -1.9992 -2 -2 -1.9992 -1.9992 -2 -1.9984 -2 -2 -2 -1.9976 -2 -1.9992 -2 -1.9984 -1.9992 -1.9992 -1.9984 -2 -2 -2 -2 -1.9976 -1.9992 -2 -1.9984 -1.9992 -1.9992 -2 -2 -1.9992 -2 -1.9992 -1.9984 -1.9992 -1.9992 -1.9992 -2 -1.9992 -1.9992 -1.9976 -2 -2 -2 -1.9992 -1.9992 -2 -2 -2 -1.9992 -2 -2 -1.9968 -1.9968 -1.9976 -2 -1.9984 -2 -1.9992 -1.9984 -1.9976 -1.9976 -1.9992 -2 -1.9992 
-1.9968 -1.9992 -1.9992 -1.9976 -1.9988 -1.9984 -1.9976 -1.9984 -2 -1.9968 -1.9988 -1.9976 -1.9992 -1.9992 -1.9992 -1.9984 -1.9976 -2 -1.9964 -1.9976 -1.9952 -1.9984 -1.9976 -1.9992 -1.9984 -1.9968 -1.996 -1.9992 -1.9992 -1.9976 -1.996 -1.9952 -1.9988 -2 -1.9992 -1.9984 -1.996 -1.9984 -1.9984 -2 -1.9932 -1.9976 -1.9976 -1.996 -1.9968 -1.996 -1.9984 -2 -1.9948 -1.9992 -1.9968 -1.9992 -1.9984 -1.9992 -1.996 -1.996 -1.9992 -2 -1.9952 -2 -1.9968 -1.9984 -1.9976 -1.9984 -1.9984 -1.9956 -1.9984 -1.996 -1.9992 -1.9992 -1.9976 -1.996 -1.9976 -1.9976 -1.9976 -1.9992 -1.9968 -1.9968 -1.9968 -1.9976 -1.9992 -1.9984 -1.9984 -1.9984 -1.9984 -1.9976 -1.9968 -1.9992 -1.9976 -1.9984 -1.996 -1.9984 -1.9984 -1.9976 -1.9984 -1.9976 -1.998 -1.9992 -1.9992 -1.9992 -1.996 -1.9992 -1.9984 -1.9984 -1.9992 -1.9976 -1.998 -1.9992 -1.9976 -1.9992 -1.9992 -1.9984 -1.9992 -1.9976 -1.9992 -1.9968 -1.9976 -1.9976 -1.9956 -1.9968 -1.996 -1.9952 -2 -2 -1.9976 -1.9984 -1.9976 -1.9976 -1.9992 -1.9984 -1.9984 -1.9976 -1.9952 -1.9992 -1.9976 -1.9992 -1.9984 -1.9984 -1.9992 -1.9992 -1.9976 -1.9984 -1.9968 -1.9972 -1.9992 -1.9984 -1.996 -1.9992 -2 -1.9992 -1.9952 -1.9984 -1.9976 -2 -1.9984 -1.9968 -1.996 -1.9992 -1.9992 -1.9956 -1.9952 -1.9984 -1.9984 -1.9976 -1.9984 -1.9976 -2 -1.9984 -1.9992 -1.9976 -1.9984 -2 -1.9976 -1.9976 -1.9976 -1.9968 -1.9964 -1.9968 -1.9976 -1.9984 -1.9976 -1.9984 -1.9976 -1.9984 -1.9992 -1.9992 -1.9968 -1.9968 -1.9984 -1.9976 -1.9976 -1.9936 -1.9968 -1.9992 -1.9992 -1.9976 -1.9992 -1.9976 -1.9992 -1.9992 
-1.9968 -1.9992 -1.9976 -1.996 -1.9936 -1.9976 -1.9952 -1.9976 -1.9936 -1.996 -1.996 -1.9944 -1.9984 -1.9936 -1.9984 -1.9984 -1.9952 -1.996 -1.996 -1.9976 -1.9976 -1.9952 -1.9928 -1.9968 -1.9952 -1.9948 -1.9968 -1.9956 -1.9968 -1.9976 -1.9948 -1.9932 -1.996 -1.9976 -1.9992 -1.9976 -1.994 -1.9952 -1.9968 -1.996 -1.9968 -1.9968 -1.9956 -1.9976 -1.994 -1.9964 -1.9968 -1.9976 -1.9968 -1.9952 -1.9948 -1.996 -1.9976 -1.9968 -1.9952 -1.9932 -1.9944 -1.9968 -1.9952 -1.9976 -1.9976 -1.9976 -1.9952 -1.996 -1.9968 -1.9936 -1.9936 -1.9992 -1.9968 -1.9984 -1.9936 -1.9948 -1.9936 -1.9956 -1.9976 -1.9984 -1.9924 -1.9976 -1.9984 -1.994 -1.9948 -1.9968 -1.996 -1.9988 -1.9992 -1.9968 -1.9968 -1.9956 -1.996 -1.9976 -1.9984 -1.996 -1.9992 -1.9952 -1.9976 -1.9968 -1.9968 -1.9944 -1.9968 -1.994 -1.996 -1.9984 -1.9968 -1.9952 -1.9944 -1.9972 -1.9944 -1.996 -1.9976 -1.992 -1.9984 -1.996 -1.9944 -1.9928 -1.9904 -1.9992 -1.9984 -1.9976 -1.9912 -1.9944 -1.9976 -1.996 -1.9932 -1.9928 -1.9976 -1.9948 -1.9928 -1.9936 -1.9992 -1.996 -1.9956 -1.9932 -1.9944 -2 -1.9916 -1.9984 -1.9936 -1.9924 -1.9976 -1.9976 -1.9924 -1.9976 -1.996 -1.9948 -1.9968 -1.9976 -1.9936 -1.9992 -1.9952 -1.9968 -1.9936 -1.9952 -1.9968 -1.9984 -1.9984 -1.9976 -1.9936 -1.9944 -1.9992 -1.9964 -1.9984 -1.992 -1.9936 -1.9968 -1.9944 -1.9976 -1.992 -1.9984 -1.996 -1.996 -1.9936 -1.9944 -1.9936 -1.992 -1.996 -1.9928 -1.9984 -1.9976 -1.9968 -1.9976 -1.994 -1.9964 -1.994 -1.9968 -1.9976 -1.9952 -1.9976 -1.9968 -1.9968 -1.996 -1.9968 -1.9916 -1.9944 -1.9952 -1.9924 -1.9928 -1.9956 -1.9976 -1.9984 -1.9952 
-1.9884 -1.9968 -1.9896 -1.9936 -1.9916 -1.996 -1.9944 -1.9904 -1.9856 -1.9912 -1.992 -1.9916 -1.9968 -1.9912 -1.9924 -1.9952 -1.9928 -1.9928 -1.9904 -1.9892 -1.9932 -1.9912 -1.9924 -1.9896 -1.9948 -1.988 -1.992 -1.99 -1.9912 -1.9908 -1.9844 -1.9872 -1.9952 -1.9968 -1.9952 -1.9876 -1.9952 -1.9928 -1.9916 -1.9944 -1.9952 -1.9936 -1.9928 -1.9952 -1.994 -1.996 -1.9928 -1.9924 -1.9944 -1.9924 -1.9904 -1.9908 -1.9924 -1.992 -1.9908 -1.9924 -1.9912 -1.9916 -1.992 -1.992 -1.9924 -1.9928 -1.9968 -1.9876 -1.9924 -1.9916 -1.9952 -1.9876 -1.9912 -1.992 -1.9944 -1.9916 -1.9944 -1.9864 -1.988 -1.9984 -1.9952 -1.9936 -1.9908 -1.9912 -1.9908 -1.9944 -1.9968 -1.9944 -1.994 -1.9912 -1.9912 -1.9916 -1.994 -1.9952 -1.9964 -1.9912 -1.9952 -1.9912 -1.9952 -1.9924 -1.9952 -1.992 -1.9836 -1.9944 -1.9944 -1.9928 -1.9956 -1.9904 -1.9896 -1.9936 -1.9896 -1.9892 -1.9884 -1.9888 -1.992 -1.9944 -1.996 -1.9904 -1.9944 -1.9884 -1.992 -1.9936 -1.9936 -1.9888 -1.992 -1.9952 -1.9888 -1.9952 -1.9948 -1.9936 -1.9848 -1.9948 -1.9912 -1.9936 -1.9928 -1.9884 -1.9936 -1.9876 -1.9952 -1.9856 -1.9936 -1.9908 -1.9904 -1.994 -1.9944 -1.9928 -1.9908 -1.9932 -1.9932 -1.9928 -1.9916 -1.99 -1.988 -1.996 -1.9884 -1.99 -1.9956 -1.9912 -1.9888 -1.996 -1.9832 -1.9908 -1.9952 -1.9936 -1.9924 -1.9904 -1.9888 -1.992 -1.9952 -1.9944 -1.9912 -1.9888 -1.9888 -1.99 -1.9936 -1.988 -1.9908 -1.9936 -1.9924 -1.9932 -1.9976 -1.9868 -1.9892 -1.9896 -1.9968 -1.9912 -1.9888 -1.9892 -1.9948 -1.996 -1.9976 -1.992 -1.9892 -1.9916 -1.9928 -1.99 -1.9936 -1.9864 -1.9932 -1.9908 -1.9952 -1.9932 -1.9872 -1.9884 
-1.986 -1.9816 -1.9868 -1.9912 -1.9884 -1.9896 -1.984 -1.9892 -1.9892 -1.988 -1.9852 -1.9928 -1.9892 -1.9856 -1.9872 -1.9828 -1.9832 -1.9872 -1.9912 -1.9896 -1.9904 -1.9856 -1.9856 -1.9836 -1.9864 -1.9928 -1.9896 -1.9916 -1.9892 -1.9876 -1.9876 -1.9884 -1.986 -1.98 -1.9792 -1.9916 -1.9904 -1.9824 -1.9832 -1.9848 -1.9848 -1.9864 -1.9856 -1.984 -1.9912 -1.9864 -1.9864 -1.988 -1.984 -1.9944 -1.9836 -1.9928 -1.9852 -1.9852 -1.9884 -1.9836 -1.9844 -1.9844 -1.9928 -1.9892 -1.9888 -1.9836 -1.9936 -1.9788 -1.9884 -1.9888 -1.9856 -1.9864 -1.9856 -1.9868 -1.99 -1.992 -1.9896 -1.9864 -1.9904 -1.9852 -1.9888 -1.9848 -1.9888 -1.982 -1.9884 -1.9844 -1.9844 -1.9804 -1.9836 -1.988 -1.9816 -1.996 -1.9864 -1.9868 -1.984 -1.9932 -1.9848 -1.99 -1.9856 -1.9804 -1.9828 -1.9804 -1.9824 -1.9956 -1.9884 -1.984 -1.9872 -1.9828 -1.99 -1.9864 -1.9892 -1.9944 -1.99 -1.9916 -1.9804 -1.9884 -1.9888 -1.9884 -1.9892 -1.9868 -1.9876 -1.9888 -1.9844 -1.9864 -1.99 -1.98 -1.9888 -1.9888 -1.988 -1.994 -1.9896 -1.9844 -1.9872 -1.9876 -1.9864 -1.9896 -1.9852 -1.9872 -1.9876 -1.9868 -1.9852 -1.9888 -1.984 -1.9816 -1.984 -1.9856 -1.9852 -1.9824 -1.9832 -1.9888 -1.9888 -1.986 -1.9844 -1.9876 -1.9876 -1.9912 -1.9816 -1.9888 -1.9856 -1.9816 -1.9884 -1.986 -1.988 -1.988 -1.9884 -1.9856 -1.9856 -1.992 -1.98 -1.9832 -1.9848 -1.988 -1.984 -1.9872 -1.988 -1.9876 -1.9908 -1.9876 -1.9848 -1.9884 -1.9864 -1.9884 -1.9892 -1.984 -1.98 -1.9904 -1.9892 -1.988 -1.9932 -1.9876 -1.9908 -1.9848 -1.9912 -1.9852 -1.9876 -1.9924 -1.984 -1.9872 -1.9836 -1.9816 -1.9868 -1.9908 -1.9912 -1.9832 
-1.98 -1.9824 -1.9804 -1.9828 -1.98 -1.982 -1.9772 -1.9796 -1.9752 -1.9704 -1.982 -1.9828 -1.978 -1.9828 -1.984 -1.9812 -1.9732 -1.9768 -1.9816 -1.9772 -1.9772 -1.986 -1.9816 -1.9748 -1.9832 -1.9792 -1.9784 -1.972 -1.9792 -1.9824 -1.9812 -1.9712 -1.9764 -1.9748 -1.9816 -1.9784 -1.9684 -1.9788 -1.9752 -1.9756 -1.9752 -1.9728 -1.9808 -1.98 -1.9732 -1.9668 -1.9708 -1.98 -1.9768 -1.9772 -1.98 -1.9796 -1.9848 -1.9828 -1.978 -1.9764 -1.98 -1.972 -1.9676 -1.9752 -1.986 -1.9768 -1.9796 -1.974 -1.9832 -1.98 -1.9832 -1.984 -1.9796 -1.976 -1.9752 -1.9784 -1.9764 -1.9744 -1.9836 -1.9756 -1.9776 -1.9728 -1.98 -1.984 -1.9756 -1.9788 -1.9804 -1.9788 -1.9784 -1.9812 -1.9772 -1.9752 -1.9772 -1.9784 -1.9816 -1.976 -1.9764 -1.9784 -1.982 -1.9824 -1.984 -1.9772 -1.9836 -1.9716 -1.972 -1.9808 -1.9824 -1.9836 -1.9736 -1.9768 -1.978 -1.9804 -1.9812 -1.9768 -1.9816 -1.9744 -1.9764 -1.9776 -1.986 -1.9788 -1.972 -1.976 -1.9744 -1.9736 -1.98 -1.9764 -1.9796 -1.98 -1.9764 -1.9744 -1.9876 -1.9844 -1.9732 -1.9768 -1.9836 -1.9768 -1.9768 -1.9796 -1.9732 -1.978 -1.9772 -1.9792 -1.9752 -1.9656 -1.9804 -1.9788 -1.9776 -1.9728 -1.9872 -1.9772 -1.9788 -1.9824 -1.9788 -1.9728 -1.976 -1.9784 -1.9808 -1.9876 -1.9832 -1.9836 -1.9784 -1.9852 -1.9808 -1.978 -1.9812 -1.9688 -1.984 -1.9808 -1.9752 -1.9732 -1.9872 -1.9672 -1.9852 -1.9784 -1.976 -1.9724 -1.9752 -1.9824 -1.9804 -1.9764 -1.9716 -1.9872 -1.9748 -1.9864 -1.9716 -1.9744 -1.9816 -1.9748 -1.976 -1.9816 -1.9764 -1.9692 -1.9808 -1.9752 -1.9812 -1.9796 -1.9716 -1.9812 -1.9852 -1.9788 -1.9692 -1.9824 -1.9728 -1.974 
-1.9652 -1.9664 -1.9704 -1.968 -1.9652 -1.9572 -1.9688 -1.968 -1.9612 -1.9704 -1.9716 -1.9596 -1.9688 -1.9588 -1.9656 -1.9628 -1.9592 -1.9708 -1.9728 -1.9596 -1.9684 -1.972 -1.964 -1.9564 -1.9744 -1.9624 -1.9724 -1.972 -1.9696 -1.9628 -1.9736 -1.9628 -1.9704 -1.964 -1.9756 -1.9608 -1.9664 -1.9724 -1.9712 -1.9684 -1.9644 -1.974 -1.9692 -1.9656 -1.9608 -1.9512 -1.9712 -1.9684 -1.9652 -1.9528 -1.9632 -1.9572 -1.9732 -1.9644 -1.9724 -1.9684 -1.9712 -1.9596 -1.9608 -1.9688 -1.9736 -1.9696 -1.9584 -1.9652 -1.9608 -1.9648 -1.966 -1.9596 -1.9724 -1.9676 -1.964 -1.9692 -1.9584 -1.9648 -1.9584 -1.96 -1.9592 -1.9584 -1.9744 -1.9668 -1.9688 -1.9636 -1.9788 -1.958 -1.96 -1.9792 -1.9736 -1.968 -1.9676 -1.9552 -1.9676 -1.9696 -1.972 -1.9684 -1.968 -1.9636 -1.9676 -1.9628 -1.9652 -1.9724 -1.9688 -1.9652 -1.9536 -1.9648 -1.9776 -1.9712 -1.9644 -1.9628 -1.968 -1.962 -1.96 -1.9612 -1.9712 -1.9656 -1.972 -1.9712 -1.9696 -1.976 -1.974 -1.9728 -1.9708 -1.9692 -1.9632 -1.9636 -1.9672 -1.9624 -1.9688 -1.9792 -1.974 -1.9792 -1.9724 -1.964 -1.9652 -1.9724 -1.9676 -1.9728 -1.964 -1.9652 -1.9692 -1.976 -1.9716 -1.9652 -1.9708 -1.9724 -1.9484 -1.9692 -1.9688 -1.9672 -1.9732 -1.976 -1.9596 -1.9612 -1.964 -1.9688 -1.9592 -1.9708 -1.962 -1.97 -1.9712 -1.974 -1.9628 -1.9728 -1.9768 -1.9648 -1.9628 -1.9756 -1.9696 -1.9632 -1.9704 -1.9676 -1.9604 -1.9592 -1.9684 -1.9688 -1.9668 -1.9652 -1.9688 -1.9616 -1.972 -1.9688 -1.9684 -1.968 -1.9712 -1.9696 -1.9668 -1.9676 -1.968 -1.968 -1.9684 -1.9648 -1.9684 -1.966 -1.9616 -1.9628 -1.9768 -1.964 -1.974 -1.9668 -1.9776 -1.9708 
-1.9508 -1.96 -1.952 -1.9648 -1.9604 -1.9496 -1.9568 -1.944 -1.9464 -1.9552 -1.9524 -1.9632 -1.9468 -1.9556 -1.9564 -1.9448 -1.9612 -1.9528 -1.9496 -1.95 -1.9432 -1.9524 -1.9492 -1.9524 -1.96 -1.946 -1.9624 -1.9644 -1.9624 -1.9496 -1.948 -1.9508 -1.9508 -1.9548 -1.9508 -1.9556 -1.9404 -1.952 -1.9484 -1.9568 -1.9452 -1.9536 -1.9552 -1.9504 -1.956 -1.9536 -1.9508 -1.9536 -1.9516 -1.962 -1.946 -1.9476 -1.948 -1.96 -1.9568 -1.9524 -1.9572 -1.9356 -1.9516 -1.9568 -1.9532 -1.9448 -1.9548 -1.9484 -1.9588 -1.946 -1.962 -1.954 -1.9472 -1.9448 -1.9624 -1.9512 -1.9576 -1.962 -1.968 -1.954 -1.9548 -1.9552 -1.9536 -1.958 -1.9548 -1.952 -1.95 -1.9472 -1.9524 -1.9544 -1.9604 -1.9488 -1.9456 -1.9604 -1.9348 -1.942 -1.954 -1.9516 -1.952 -1.9492 -1.9612 -1.9428 -1.9576 -1.9512 -1.9484 -1.9568 -1.9448 -1.9384 -1.95 -1.9552 -1.962 -1.95 -1.9584 -1.964 -1.9572 -1.9488 -1.9516 -1.9428 -1.9612 -1.96 -1.95 -1.958 -1.9496 -1.9592 -1.9536 -1.9528 -1.9492 -1.948 -1.9468 -1.9564 -1.9488 -1.9444 -1.948 -1.9592 -1.9468 -1.952 -1.9552 -1.96 -1.9508 -1.9476 -1.9576 -1.9472 -1.9464 -1.9384 -1.9472 -1.9544 -1.9648 -1.9568 -1.9448 -1.964 -1.948 -1.9492 -1.9524 -1.9536 -1.9448 -1.9544 -1.9488 -1.9544 -1.9552 -1.9496 -1.9512 -1.96 -1.9548 -1.9412 -1.9456 -1.9548 -1.956 -1.9576 -1.9464 -1.9616 -1.9628 -1.9564 -1.9444 -1.9508 -1.9524 -1.9572 -1.9628 -1.9464 -1.9552 -1.9512 -1.9604 -1.9476 -1.9388 -1.9492 -1.9528 -1.9496 -1.946 -1.9536 -1.9576 -1.9448 -1.9536 -1.948 -1.9528 -1.9496 -1.944 -1.9344 -1.9396 -1.962 -1.9572 -1.948 -1.9556 -1.9572 -1.9588 -1.954 
-1.9424 -1.9296 -1.9364 -1.9264 -1.9396 -1.93 -1.9248 -1.9312 -1.9328 -1.9276 -1.9308 -1.926 -1.9364 -1.9284 -1.9416 -1.9308 -1.9276 -1.9288 -1.9268 -1.9308 -1.9316 -1.9296 -1.9332 -1.9296 -1.9416 -1.9344 -1.9276 -1.9332 -1.9316 -1.9324 -1.9376 -1.9384 -1.944 -1.9308 -1.9284 -1.9368 -1.9292 -1.9244 -1.9344 -1.934 -1.9396 -1.9236 -1.9256 -1.9328 -1.922 -1.9188 -1.93 -1.9308 -1.9236 -1.934 -1.9428 -1.9252 -1.9352 -1.928 -1.9168 -1.9344 -1.9208 -1.9496 -1.9372 -1.9396 -1.926 -1.9288 -1.92 -1.934 -1.9304 -1.9404 -1.9248 -1.9332 -1.938 -1.944 -1.9364 -1.9336 -1.9392 -1.9316 -1.9372 -1.9436 -1.93 -1.9396 -1.9372 -1.9348 -1.928 -1.9456 -1.9064 -1.92 -1.932 -1.9356 -1.928 -1.9352 -1.9288 -1.9092 -1.9356 -1.9252 -1.9256 -1.9204 -1.932 -1.934 -1.9396 -1.9264 -1.942 -1.922 -1.9364 -1.93 -1.9376 -1.936 -1.952 -1.9324 -1.9428 -1.9384 -1.9336 -1.9224 -1.932 -1.9376 -1.9484 -1.934 -1.9284 -1.9428 -1.9272 -1.9292 -1.9268 -1.9424 -1.9396 -1.9264 -1.9288 -1.9424 -1.9268 -1.9308 -1.9312 -1.936 -1.924 -1.9196 -1.9372 -1.9312 -1.9252 -1.9348 -1.9456 -1.9388 -1.93 -1.9368 -1.9316 -1.9236 -1.9244 -1.934 -1.9404 -1.94 -1.922 -1.9336 -1.9344 -1.9416 -1.9204 -1.9376 -1.932 -1.9244 -1.9348 -1.9324 -1.9312 -1.9432 -1.9312 -1.9396 -1.9372 -1.938 -1.9388 -1.9324 -1.9312 -1.932 -1.9168 -1.9316 -1.9336 -1.9396 -1.9364 -1.944 -1.9348 -1.9352 -1.9292 -1.9368 -1.9336 -1.9384 -1.946 -1.9352 -1.9484 -1.938 -1.9452 -1.922 -1.9292 -1.9452 -1.9368 -1.93 -1.9308 -1.9248 -1.9412 -1.936 -1.9392 -1.9292 -1.9264 -1.936 -1.9376 -1.938 -1.9352 -1.9348 -1.9336 -1.9264 
-1.9204 -1.92 -1.9192 -1.9052 -1.8976 -1.89 -1.902 -1.9088 -1.9144 -1.9088 -1.9172 -1.8972 -1.91 -1.9288 -1.906 -1.92 -1.9168 -1.9144 -1.9228 -1.916 -1.904 -1.9008 -1.9096 -1.9096 -1.9284 -1.9112 -1.9 -1.8852 -1.9008 -1.9016 -1.9008 -1.8916 -1.9092 -1.9088 -1.912 -1.894 -1.8996 -1.9016 -1.922 -1.9228 -1.9072 -1.8996 -1.9128 -1.9244 -1.8948 -1.8996 -1.9152 -1.904 -1.9164 -1.916 -1.9036 -1.9 -1.9056 -1.9048 -1.9104 -1.9196 -1.8992 -1.9052 -1.9168 -1.9092 -1.9012 -1.912 -1.9112 -1.912 -1.9228 -1.9124 -1.9168 -1.91 -1.8992 -1.9108 -1.8944 -1.9028 -1.922 -1.9196 -1.9172 -1.9 -1.8944 -1.9132 -1.906 -1.9068 -1.9024 -1.9308 -1.9068 -1.9 -1.9124 -1.9108 -1.9192 -1.9228 -1.9068 -1.9184 -1.9088 -1.8972 -1.9108 -1.9148 -1.8944 -1.9196 -1.9284 -1.9068 -1.9216 -1.9132 -1.9004 -1.8976 -1.9012 -1.9136 -1.9112 -1.9072 -1.9068 -1.8984 -1.898 -1.8956 -1.9116 -1.902 -1.9056 -1.9048 -1.9048 -1.912 -1.9108 -1.9136 -1.9112 -1.9252 -1.9104 -1.902 -1.9008 -1.9156 -1.9252 -1.9136 -1.9012 -1.9116 -1.914 -1.9132 -1.9156 -1.902 -1.9 -1.918 -1.9144 -1.9104 -1.9096 -1.8932 -1.9032 -1.9152 -1.918 -1.8988 -1.9068 -1.9036 -1.9072 -1.9028 -1.9056 -1.9144 -1.9024 -1.9032 -1.9008 -1.9032 -1.9028 -1.9076 -1.908 -1.892 -1.9336 -1.9344 -1.9088 -1.9072 -1.9072 -1.9056 -1.916 -1.9172 -1.898 -1.9024 -1.892 -1.906 -1.9172 -1.8972 -1.904 -1.9232 -1.904 -1.9152 -1.9144 -1.9048 -1.9132 -1.8984 -1.9008 -1.9 -1.9288 -1.9072 -1.9012 -1.9032 -1.8912 -1.8844 -1.904 -1.9248 -1.9164 -1.906 -1.9072 -1.9032 -1.8912 -1.8992 -1.886 -1.8856 -1.8956 -1.9124 -1.9168 -1.9196 
-1.8788 -1.8812 -1.8768 -1.8744 -1.8872 -1.876 -1.8896 -1.8736 -1.8752 -1.8652 -1.8732 -1.8808 -1.8816 -1.8768 -1.8888 -1.8816 -1.8892 -1.8884 -1.8732 -1.8776 -1.8868 -1.8832 -1.8644 -1.8704 -1.858 -1.886 -1.8912 -1.8812 -1.89 -1.8832 -1.882 -1.8904 -1.8868 -1.8588 -1.874 -1.894 -1.89 -1.8772 -1.8776 -1.8812 -1.89 -1.8788 -1.874 -1.8784 -1.886 -1.8912 -1.8772 -1.8888 -1.8956 -1.8932 -1.8884 -1.8864 -1.8744 -1.8728 -1.8628 -1.8728 -1.884 -1.8872 -1.874 -1.8664 -1.876 -1.8732 -1.886 -1.882 -1.9044 -1.8836 -1.8948 -1.8828 -1.8636 -1.8704 -1.8708 -1.8712 -1.8912 -1.8804 -1.8792 -1.8888 -1.8808 -1.8628 -1.8692 -1.8652 -1.8688 -1.884 -1.8744 -1.8752 -1.8724 -1.886 -1.8872 -1.874 -1.8884 -1.8804 -1.8876 -1.8812 -1.8728 -1.8736 -1.8952 -1.8712 -1.8568 -1.8964 -1.8764 -1.864 -1.8636 -1.8724 -1.878 -1.8616 -1.8688 -1.8912 -1.8876 -1.86 -1.8848 -1.8776 -1.8772 -1.8724 -1.8752 -1.874 -1.8864 -1.8808 -1.888 -1.8696 -1.8564 -1.8804 -1.8896 -1.8728 -1.8904 -1.8852 -1.8856 -1.888 -1.8692 -1.892 -1.8912 -1.8668 -1.8928 -1.8764 -1.8732 -1.8852 -1.8976 -1.8748 -1.8756 -1.8736 -1.8808 -1.8528 -1.8752 -1.8748 -1.8764 -1.8832 -1.8764 -1.8684 -1.8804 -1.8724 -1.8864 -1.8832 -1.91 -1.8768 -1.8964 -1.886 -1.8884 -1.8796 -1.8756 -1.8504 -1.8588 -1.9024 -1.8784 -1.8932 -1.8988 -1.87 -1.8792 -1.886 -1.872 -1.8716 -1.8828 -1.8676 -1.8608 -1.8624 -1.8736 -1.8584 -1.8576 -1.8576 -1.8672 -1.874 -1.8692 -1.9032 -1.8764 -1.8768 -1.8888 -1.9136 -1.8796 -1.882 -1.8836 -1.8816 -1.874 -1.8744 -1.894 -1.8808 -1.886 -1.8816 -1.8588 -1.8816 -1.9032 -1.898 -1.8836 -1.8696 
-1.872 -1.8268 -1.8444 -1.8436 -1.8344 -1.8608 -1.8344 -1.8356 -1.844 -1.8436 -1.8608 -1.8576 -1.8484 -1.85 -1.852 -1.8572 -1.8608 -1.848 -1.8372 -1.8624 -1.8552 -1.8476 -1.8192 -1.8476 -1.8336 -1.8332 -1.8152 -1.8608 -1.8632 -1.8416 -1.8468 -1.8412 -1.8484 -1.8312 -1.8604 -1.8564 -1.8188 -1.8616 -1.8448 -1.8224 -1.8508 -1.85 -1.858 -1.8352 -1.8184 -1.8332 -1.8588 -1.834 -1.816 -1.83 -1.8264 -1.826 -1.8448 -1.8656 -1.84 -1.858 -1.856 -1.856 -1.8348 -1.836 -1.8304 -1.86 -1.854 -1.848 -1.8452 -1.8344 -1.844 -1.8512 -1.8324 -1.8344 -1.8428 -1.8212 -1.8236 -1.8484 -1.8468 -1.8584 -1.8532 -1.8632 -1.8496 -1.85 -1.8496 -1.8616 -1.8552 -1.8696 -1.8608 -1.8572 -1.8792 -1.8436 -1.8436 -1.8632 -1.8556 -1.8744 -1.8296 -1.8276 -1.8312 -1.8364 -1.8376 -1.8412 -1.8524 -1.8288 -1.8584 -1.85 -1.8204 -1.8356 -1.856 -1.8384 -1.8416 -1.842 -1.8428 -1.8248 -1.8236 -1.8476 -1.8472 -1.8304 -1.834 -1.8388 -1.8408 -1.822 -1.8384 -1.8492 -1.8572 -1.828 -1.8252 -1.8432 -1.8452 -1.8308 -1.874 -1.852 -1.8316 -1.8292 -1.8616 -1.842 -1.8568 -1.8352 -1.8216 -1.8428 -1.8056 -1.8288 -1.8556 -1.854 -1.8376 -1.8344 -1.8388 -1.8488 -1.83 -1.824 -1.8308 -1.8408 -1.8668 -1.8536 -1.852 -1.838 -1.8484 -1.8412 -1.8408 -1.8392 -1.8512 -1.8368 -1.8364 -1.8448 -1.8564 -1.8604 -1.842 -1.8424 -1.8408 -1.8448 -1.8464 -1.826 -1.8688 -1.8496 -1.8408 -1.8432 -1.8548 -1.8492 -1.8472 -1.8432 -1.8424 -1.8356 -1.8568 -1.8656 -1.8576 -1.8328 -1.8488 -1.8384 -1.8304 -1.8452 -1.8512 -1.8576 -1.8548 -1.8568 -1.8624 -1.828 -1.83 -1.8508 -1.8552 -1.8372 -1.8352 -1.8356 -1.846 -1.8644 
-1.818 -1.8172 -1.7812 -1.8072 -1.7968 -1.7908 -1.7844 -1.802 -1.7908 -1.7816 -1.7824 -1.792 -1.7844 -1.7896 -1.8036 -1.7944 -1.7828 -1.7932 -1.7928 -1.794 -1.8032 -1.7948 -1.798 -1.7948 -1.7956 -1.8044 -1.7952 -1.8112 -1.7992 -1.7772 -1.8 -1.7984 -1.796 -1.7848 -1.8008 -1.8016 -1.8168 -1.7832 -1.8088 -1.8232 -1.79 -1.798 -1.7972 -1.7976 -1.7888 -1.792 -1.7968 -1.7936 -1.7756 -1.8004 -1.81 -1.798 -1.7864 -1.8312 -1.7824 -1.8176 -1.7744 -1.7936 -1.8144 -1.7872 -1.7968 -1.7864 -1.7948 -1.7932 -1.7932 -1.7644 -1.7756 -1.808 -1.8184 -1.8092 -1.7972 -1.81 -1.7872 -1.788 -1.8376 -1.806 -1.7924 -1.7916 -1.7884 -1.7956 -1.8272 -1.8036 -1.8008 -1.806 -1.828 -1.7908 -1.8188 -1.8288 -1.8004 -1.8136 -1.8088 -1.798 -1.7972 -1.8004 -1.7748 -1.8084 -1.7784 -1.7792 -1.7784 -1.8048 -1.8224 -1.7972 -1.7908 -1.8032 -1.8116 -1.8124 -1.7896 -1.8076 -1.8108 -1.81 -1.8072 -1.8052 -1.8004 -1.7948 -1.81 -1.8168 -1.7968 -1.7984 -1.8028 -1.8004 -1.7992 -1.802 -1.7956 -1.7964 -1.7904 -1.8072 -1.8212 -1.802 -1.8168 -1.7988 -1.7848 -1.764 -1.79 -1.7992 -1.7796 -1.7876 -1.7896 -1.812 -1.8252 -1.7764 -1.7896 -1.7796 -1.7708 -1.7828 -1.8056 -1.8072 -1.8088 -1.7848 -1.7828 -1.7828 -1.7844 -1.7928 -1.7816 -1.7848 -1.7984 -1.8088 -1.8096 -1.808 -1.8056 -1.8084 -1.806 -1.8048 -1.794 -1.798 -1.7916 -1.8052 -1.7836 -1.7984 -1.8096 -1.7796 -1.794 -1.8084 -1.798 -1.7972 -1.8148 -1.798 -1.7972 -1.794 -1.7712 -1.7596 -1.8 -1.7944 -1.7996 -1.7812 -1.7764 -1.7776 -1.7972 -1.8224 -1.8084 -1.7852 -1.7952 -1.7856 -1.7956 -1.7764 -1.8004 -1.7956 -1.8012 -1.7888 -1.8012 -1.8056 
-1.7868 -1.7572 -1.7196 -1.7224 -1.7104 -1.7048 -1.6868 -1.7348 -1.754 -1.7404 -1.752 -1.7472 -1.7492 -1.7144 -1.758 -1.7404 -1.7492 -1.7572 -1.7668 -1.7692 -1.7732 -1.7364 -1.7544 -1.748 -1.7472 -1.7276 -1.7304 -1.7312 -1.724 -1.7432 -1.778 -1.7268 -1.7488 -1.7544 -1.7656 -1.7392 -1.7396 -1.7536 -1.746 -1.718 -1.7492 -1.7536 -1.7556 -1.7856 -1.808 -1.7596 -1.736 -1.7632 -1.7664 -1.7332 -1.7316 -1.7372 -1.6992 -1.7 -1.7324 -1.7208 -1.738 -1.7372 -1.7512 -1.7372 -1.7768 -1.7564 -1.7672 -1.7408 -1.7492 -1.7544 -1.7496 -1.7488 -1.7364 -1.7492 -1.7364 -1.7316 -1.7444 -1.744 -1.7124 -1.7248 -1.7652 -1.756 -1.738 -1.7532 -1.7704 -1.7232 -1.7476 -1.7476 -1.7568 -1.744 -1.728 -1.754 -1.7476 -1.7484 -1.7244 -1.7216 -1.7252 -1.7624 -1.7552 -1.7516 -1.7524 -1.7352 -1.7208 -1.7456 -1.7672 -1.754 -1.7376 -1.7308 -1.766 -1.7412 -1.7416 -1.7144 -1.7276 -1.7448 -1.7224 -1.7212 -1.7228 -1.7364 -1.7372 -1.7384 -1.7328 -1.7284 -1.724 -1.7548 -1.7336 -1.7176 -1.7196 -1.7164 -1.7248 -1.724 -1.7432 -1.7596 -1.734 -1.7532 -1.7252 -1.7216 -1.7264 -1.7184 -1.7488 -1.746 -1.764 -1.7372 -1.7156 -1.7516 -1.7564 -1.758 -1.7824 -1.762 -1.744 -1.7848 -1.752 -1.7568 -1.7592 -1.758 -1.7596 -1.7436 -1.7424 -1.7488 -1.7696 -1.77 -1.7424 -1.7568 -1.7408 -1.7308 -1.73 -1.732 -1.7324 -1.7192 -1.7368 -1.7472 -1.7376 -1.726 -1.7128 -1.7556 -1.7512 -1.7108 -1.73 -1.75 -1.768 -1.7444 -1.7428 -1.7248 -1.6828 -1.714 -1.7144 -1.7152 -1.6968 -1.7156 -1.7368 -1.7332 -1.7276 -1.728 -1.7196 -1.7168 -1.7404 -1.7396 -1.7632 -1.728 -1.7444 -1.7412 -1.754 -1.7528 -1.752 -1.73 
-1.7604 -1.686 -1.656 -1.7136 -1.7144 -1.6656 -1.6812 -1.67 -1.6708 -1.6812 -1.6604 -1.6456 -1.6784 -1.6592 -1.7044 -1.7036 -1.6312 -1.6584 -1.6412 -1.6676 -1.6696 -1.6752 -1.6736 -1.7028 -1.6916 -1.674 -1.6628 -1.6952 -1.696 -1.6936 -1.6936 -1.6916 -1.6832 -1.6724 -1.6928 -1.6744 -1.6444 -1.6524 -1.6788 -1.6896 -1.6492 -1.6676 -1.654 -1.6916 -1.6916 -1.6972 -1.6856 -1.6848 -1.698 -1.7108 -1.6744 -1.6864 -1.6636 -1.6692 -1.6676 -1.684 -1.6864 -1.6872 -1.6864 -1.6676 -1.6748 -1.666 -1.6552 -1.644 -1.6496 -1.6488 -1.6736 -1.6768 -1.6528 -1.6436 -1.666 -1.6928 -1.6656 -1.6752 -1.6736 -1.6816 -1.6696 -1.6956 -1.66 -1.66 -1.7188 -1.7232 -1.7 -1.692 -1.6924 -1.6632 -1.6696 -1.6896 -1.6988 -1.7028 -1.6832 -1.6844 -1.696 -1.6596 -1.6652 -1.6948 -1.6792 -1.68 -1.6808 -1.6588 -1.6788 -1.7016 -1.666 -1.7028 -1.6884 -1.69 -1.6832 -1.6912 -1.6724 -1.6876 -1.6452 -1.696 -1.658 -1.6944 -1.6924 -1.698 -1.6764 -1.6808 -1.6652 -1.6672 -1.6776 -1.6468 -1.6704 -1.6536 -1.6508 -1.6688 -1.6684 -1.6668 -1.6788 -1.6712 -1.6656 -1.662 -1.6796 -1.6944 -1.6764 -1.6724 -1.6756 -1.662 -1.6372 -1.6516 -1.6784 -1.6996 -1.6992 -1.6748 -1.6464 -1.6476 -1.6756 -1.6596 -1.658 -1.6572 -1.6428 -1.6488 -1.6628 -1.6784 -1.6636 -1.6392 -1.6712 -1.6408 -1.6416 -1.6504 -1.6516 -1.6776 -1.6968 -1.698 -1.6748 -1.6608 -1.6588 -1.6868 -1.7016 -1.6784 -1.6524 -1.652 -1.688 -1.6824 -1.6632 -1.6928 -1.6512 -1.6504 -1.6512 -1.6756 -1.6536 -1.674 -1.6752 -1.6692 -1.6652 -1.6936 -1.6676 -1.6424 -1.6664 -1.6648 -1.6584 -1.6612 -1.6568 -1.7008 -1.6768 -1.6556 -1.676 -1.6596 -1.6868 -1.6768 
-1.7188 -1.6088 -1.582 -1.5944 -1.5944 -1.5956 -1.5972 -1.6392 -1.6368 -1.5572 -1.6036 -1.6284 -1.6536 -1.6424 -1.64 -1.626 -1.5968 -1.5948 -1.5636 -1.5528 -1.5464 -1.564 -1.6032 -1.606 -1.5636 -1.5648 -1.576 -1.5204 -1.5824 -1.5632 -1.5908 -1.608 -1.6156 -1.55 -1.5464 -1.546 -1.5596 -1.5812 -1.5812 -1.63 -1.644 -1.5884 -1.6032 -1.6296 -1.6288 -1.5784 -1.5732 -1.5592 -1.568 -1.5848 -1.5572 -1.5572 -1.5456 -1.5464 -1.5584 -1.5752 -1.5676 -1.5688 -1.5468 -1.5724 -1.5484 -1.5912 -1.5868 -1.6048 -1.5808 -1.5772 -1.6404 -1.57 -1.5696 -1.57 -1.624 -1.6004 -1.5552 -1.6044 -1.6388 -1.6292 -1.6564 -1.6544 -1.6492 -1.6036 -1.5988 -1.5984 -1.5464 -1.5628 -1.532 -1.5972 -1.562 -1.5516 -1.598 -1.596 -1.566 -1.578 -1.5756 -1.574 -1.5672 -1.5436 -1.5444 -1.5688 -1.59 -1.5884 -1.5888 -1.62 -1.6344 -1.6076 -1.5568 -1.5828 -1.5952 -1.6028 -1.6036 -1.5824 -1.6076 -1.5692 -1.55 -1.5672 -1.6012 -1.5988 -1.5628 -1.6116 -1.5796 -1.5896 -1.6096 -1.5592 -1.5568 -1.5584 -1.5704 -1.5892 -1.6012 -1.63 -1.6012 -1.5924 -1.5704 -1.5704 -1.5656 -1.576 -1.6024 -1.5984 -1.5872 -1.5924 -1.5908 -1.5896 -1.5928 -1.5852 -1.5736 -1.5748 -1.574 -1.5748 -1.5652 -1.5824 -1.5816 -1.5812 -1.5804 -1.588 -1.5944 -1.598 -1.5928 -1.594 -1.5816 -1.6008 -1.5944 -1.5956 -1.6184 -1.5932 -1.5924 -1.5876 -1.6296 -1.5952 -1.5488 -1.5812 -1.5988 -1.6044 -1.5848 -1.6024 -1.6032 -1.6024 -1.6232 -1.6116 -1.5976 -1.6332 -1.598 -1.6072 -1.6072 -1.6308 -1.6788 -1.6072 -1.5964 -1.5848 -1.5736 -1.5828 -1.602 -1.6136 -1.6124 -1.6112 -1.5804 -1.5836 -1.5716 -1.5724 -1.5472 -1.6012 -1.5904 -1.5988 
-1.668 -1.5708 -1.5188 -1.5072 -1.4772 -1.4624 -1.4456 -1.4408 -1.4424 -1.4936 -1.512 -1.5084 -1.5368 -1.52 -1.5076 -1.4732 -1.4708 -1.4708 -1.4692 -1.4544 -1.5224 -1.5204 -1.5028 -1.5124 -1.5184 -1.5348 -1.5008 -1.4796 -1.4528 -1.4532 -1.44 -1.4388 -1.4512 -1.45 -1.4544 -1.4444 -1.452 -1.4584 -1.4648 -1.4008 -1.42 -1.43 -1.4276 -1.4228 -1.4288 -1.4296 -1.3972 -1.3952 -1.3952 -1.3952 -1.3976 -1.398 -1.396 -1.424 -1.4224 -1.3832 -1.3948 -1.4456 -1.4012 -1.412 -1.4788 -1.478 -1.4412 -1.4412 -1.4428 -1.4492 -1.4248 -1.4248 -1.468 -1.466 -1.4712 -1.4984 -1.4232 -1.474 -1.4756 -1.4516 -1.458 -1.5084 -1.5068 -1.4984 -1.4984 -1.478 -1.4672 -1.4644 -1.4408 -1.4436 -1.4432 -1.4048 -1.3816 -1.3544 -1.3544 -1.35 -1.3724 -1.3732 -1.3744 -1.3856 -1.4 -1.3968 -1.3972 -1.396 -1.398 -1.3992 -1.402 -1.4036 -1.4128 -1.4208 -1.458 -1.3984 -1.3932 -1.394 -1.3976 -1.4104 -1.4092 -1.4168 -1.4124 -1.4932 -1.464 -1.462 -1.4648 -1.4224 -1.4616 -1.4804 -1.5136 -1.4864 -1.51 -1.5092 -1.4672 -1.478 -1.464 -1.4344 -1.4352 -1.4656 -1.4304 -1.4264 -1.4288 -1.4296 -1.4304 -1.4308 -1.428 -1.4024 -1.4024 -1.4184 -1.4168 -1.4228 -1.4236 -1.4556 -1.4548 -1.4348 -1.4684 -1.4696 -1.47 -1.5064 -1.4724 -1.4064 -1.4028 -1.3936 -1.3936 -1.3948 -1.384 -1.3748 -1.3748 -1.3692 -1.3708 -1.372 -1.3712 -1.4016 -1.3888 -1.4532 -1.4568 -1.4564 -1.4648 -1.4656 -1.4704 -1.4436 -1.4404 -1.454 -1.4532 -1.4596 -1.4604 -1.4528 -1.4624 -1.4632 -1.4668 -1.4348 -1.5036 -1.4576 -1.4428 -1.4424 -1.4416 -1.4448 -1.436 -1.436 -1.4296 -1.4144 -1.4152 -1.4136 -1.4 -1.3992 -1.392 -1.3872 
-1.6228 -1.4492 -1.4464 -1.4112 -1.364 -1.3508 -1.3676 -1.356 -1.356 -1.358 -1.3584 -1.3572 -1.3544 -1.3372 -1.3148 -1.3104 -1.3148 -1.316 -1.3088 -1.3212 -1.3224 -1.3368 -1.3376 -1.3388 -1.3336 -1.3336 -1.3268 -1.3136 -1.3004 -1.3036 -1.3084 -1.3152 -1.3132 -1.3192 -1.3088 -1.3084 -1.3168 -1.3172 -1.3268 -1.3264 -1.3264 -1.3324 -1.3276 -1.322 -1.3232 -1.324 -1.3256 -1.33 -1.336 -1.3056 -1.3092 -1.312 -1.3032 -1.304 -1.3036 -1.3048 -1.3068 -1.3088 -1.3088 -1.3064 -1.306 -1.3084 -1.3088 -1.3096 -1.3128 -1.3184 -1.3152 -1.3528 -1.348 -1.3488 -1.348 -1.3492 -1.352 -1.3516 -1.3532 -1.3532 -1.37 -1.372 -1.3388 -1.3756 -1.3752 -1.3744 -1.3744 -1.3752 -1.3872 -1.3736 -1.3728 -1.3712 -1.3744 -1.3536 -1.3516 -1.3504 -1.3508 -1.3436 -1.3444 -1.3452 -1.3472 -1.3244 -1.3148 -1.3148 -1.3192 -1.3184 -1.3216 -1.3212 -1.2848 -1.2836 -1.2844 -1.2848 -1.2852 -1.2852 -1.2808 -1.2836 -1.2828 -1.27 -1.2692 -1.2512 -1.2524 -1.2488 -1.2504 -1.2492 -1.2516 -1.2424 -1.2436 -1.2448 -1.2456 -1.2456 -1.24 -1.2456 -1.2436 -1.2376 -1.2356 -1.2356 -1.2344 -1.2436 -1.2432 -1.2476 -1.2468 -1.2624 -1.2684 -1.2704 -1.27 -1.27 -1.2708 -1.274 -1.2984 -1.2892 -1.2904 -1.2904 -1.2908 -1.2872 -1.288 -1.2888 -1.2876 -1.3228 -1.3232 -1.3112 -1.3152 -1.2956 -1.2964 -1.296 -1.294 -1.3012 -1.3016 -1.314 -1.3132 -1.3116 -1.328 -1.3236 -1.3236 -1.3232 -1.3228 -1.3236 -1.3244 -1.3244 -1.324 -1.3248 -1.32 -1.3148 -1.3152 -1.3184 -1.314 -1.316 -1.3164 -1.3128 -1.3124 -1.3152 -1.3144 -1.314 -1.3128 -1.314 -1.314 -1.316 -1.3196 -1.3216 -1.3176 -1.3204 -1.322 -1.3216 -1.3208 -1.302 
-1.5724 -1.5708 -1.4208 -1.4184 -1.3948 -1.3912 -1.3448 -1.3472 -1.3344 -1.2904 -1.29 -1.2804 -1.2804 -1.282 -1.2808 -1.2868 -1.2876 -1.2908 -1.2836 -1.2764 -1.2744 -1.2728 -1.2672 -1.2676 -1.2668 -1.264 -1.258 -1.2536 -1.2524 -1.2632 -1.2632 -1.2624 -1.2636 -1.266 -1.266 -1.266 -1.2664 -1.262 -1.264 -1.2616 -1.2644 -1.2504 -1.2516 -1.2508 -1.2504 -1.2516 -1.2648 -1.2664 -1.2644 -1.266 -1.2632 -1.2656 -1.2656 -1.2704 -1.2688 -1.272 -1.266 -1.262 -1.2608 -1.26 -1.26 -1.2592 -1.2592 -1.26 -1.258 -1.254 -1.2492 -1.2464 -1.2492 -1.2496 -1.2496 -1.2452 -1.2468 -1.2444 -1.2432 -1.2444 -1.2448 -1.2444 -1.2444 -1.2568 -1.2576 -1.2652 -1.2672 -1.268 -1.2616 -1.256 -1.2584 -1.2584 -1.2536 -1.252 -1.2556 -1.2548 -1.2552 -1.2436 -1.2468 -1.2408 -1.238 -1.2292 -1.2296 -1.2268 -1.2276 -1.2232 -1.2208 -1.2204 -1.2284 -1.2088 -1.2112 -1.2124 -1.2116 -1.2096 -1.2104 -1.2108 -1.2088 -1.2124 -1.2092 -1.206 -1.2112 -1.214 -1.214 -1.214 -1.21 -1.2088 -1.214 -1.216 -1.2168 -1.2156 -1.2088 -1.2088 -1.208 -1.2076 -1.2064 -1.2044 -1.1972 -1.1968 -1.2 -1.2004 -1.1996 -1.1996 -1.198 -1.1988 -1.198 -1.1992 -1.1964 -1.1992 -1.1992 -1.1988 -1.1992 -1.2028 -1.206 -1.2056 -1.206 -1.2068 -1.2028 -1.196 -1.1996 -1.1904 -1.1908 -1.1896 -1.1868 -1.1888 -1.1892 -1.1968 -1.202 -1.2032 -1.2092 -1.2132 -1.214 -1.2144 -1.2076 -1.2092 -1.2164 -1.2124 -1.2128 -1.2108 -1.2132 -1.2132 -1.216 -1.2172 -1.216 -1.2072 -1.2052 -1.2076 -1.206 -1.21 -1.2112 -1.2116 -1.2108 -1.21 -1.2104 -1.2048 -1.2008 -1.1992 -1.1988 -1.1988 -1.1968 -1.1944 -1.1992 -1.1984 -1.1988 -1.1948 
-1.996 -1.5576 -1.3712 -1.364 -1.3632 -1.3624 -1.3448 -1.344 -1.3388 -1.3412 -1.3336 -1.3276 -1.3276 -1.3288 -1.322 -1.3216 -1.3164 -1.3056 -1.2916 -1.2916 -1.2932 -1.2932 -1.2928 -1.2932 -1.2924 -1.2956 -1.2836 -1.2832 -1.288 -1.2844 -1.2844 -1.2768 -1.2608 -1.258 -1.2588 -1.2596 -1.2484 -1.2488 -1.2476 -1.25 -1.2456 -1.2452 -1.2436 -1.2476 -1.2464 -1.2368 -1.2376 -1.2368 -1.2388 -1.24 -1.2476 -1.2472 -1.2524 -1.2256 -1.2228 -1.2212 -1.2192 -1.2196 -1.2204 -1.216 -1.2056 -1.2036 -1.1988 -1.1992 -1.2012 -1.2012 -1.1972 -1.1984 -1.1984 -1.1984 -1.1984 -1.2004 -1.2 -1.1992 -1.1996 -1.1964 -1.1948 -1.2056 -1.1968 -1.1928 -1.1932 -1.1944 -1.1936 -1.1916 -1.192 -1.1908 -1.1876 -1.1868 -1.1844 -1.184 -1.184 -1.1852 -1.1832 -1.184 -1.1824 -1.182 -1.1844 -1.1868 -1.1836 -1.176 -1.1856 -1.1848 -1.1832 -1.1832 -1.182 -1.1792 -1.1808 -1.18 -1.1812 -1.182 -1.1824 -1.1848 -1.1856 -1.1844 -1.1832 -1.1824 -1.1804 -1.1804 -1.1748 -1.1776 -1.178 -1.178 -1.1788 -1.1796 -1.1788 -1.18 -1.1812 -1.182 -1.1848 -1.1868 -1.1908 -1.1912 -1.196 -1.1932 -1.192 -1.1904 -1.1904 -1.19 -1.1804 -1.1792 -1.1752 -1.1744 -1.1716 -1.168 -1.1696 -1.1716 -1.1724 -1.1716 -1.1708 -1.1712 -1.1712 -1.1716 -1.1704 -1.1712 -1.1756 -1.1764 -1.1744 -1.1752 -1.1756 -1.176 -1.176 -1.1744 -1.1768 -1.1764 -1.1728 -1.174 -1.172 -1.1704 -1.1708 -1.1704 -1.1732 -1.1724 -1.174 -1.1724 -1.1712 -1.17 -1.1856 -1.186 -1.1964 -1.1944 -1.198 -1.1976 -1.1924 -1.1804 -1.1804 -1.1804 -1.1812 -1.1812 -1.1804 -1.1828 -1.176 -1.1736 -1.1776 -1.1776 -1.1788 -1.1788 -1.178 -1.1776 -1.1788 -1.1744 
-1.43 -1.4296 -1.4096 -1.4104 -1.3796 -1.364 -1.318 -1.3052 -1.306 -1.3068 -1.308 -1.3088 -1.3036 -1.2992 -1.2788 -1.2784 -1.2792 -1.2724 -1.2624 -1.262 -1.2564 -1.2572 -1.2488 -1.2488 -1.2476 -1.2452 -1.2456 -1.2452 -1.2436 -1.2432 -1.2448 -1.2388 -1.2396 -1.2396 -1.24 -1.238 -1.2384 -1.2364 -1.2388 -1.238 -1.2336 -1.2312 -1.2336 -1.232 -1.2312 -1.2256 -1.2256 -1.2248 -1.2228 -1.2232 -1.2216 -1.2224 -1.2228 -1.222 -1.2208 -1.2124 -1.2152 -1.2148 -1.2124 -1.2108 -1.2092 -1.2104 -1.21 -1.2072 -1.2096 -1.2088 -1.2084 -1.2084 -1.2084 -1.2064 -1.1916 -1.1892 -1.1892 -1.1876 -1.1892 -1.1888 -1.188 -1.1888 -1.1888 -1.1824 -1.188 -1.186 -1.1856 -1.186 -1.1856 -1.1828 -1.1796 -1.1808 -1.1792 -1.176 -1.1752 -1.1668 -1.1664 -1.1696 -1.17 -1.17 -1.1712 -1.1708 -1.1672 -1.1696 -1.1708 -1.1772 -1.176 -1.1764 -1.1748 -1.1744 -1.1564 -1.156 -1.1536 -1.1492 -1.1492 -1.1484 -1.1488 -1.1448 -1.146 -1.146 -1.1436 -1.1416 -1.1304 -1.1224 -1.118 -1.1324 -1.1272 -1.1244 -1.1272 -1.1264 -1.1276 -1.1192 -1.1188 -1.1188 -1.1188 -1.1184 -1.1132 -1.1128 -1.1172 -1.1188 -1.1152 -1.1144 -1.1148 -1.1192 -1.1208 -1.1212 -1.1224 -1.1224 -1.1212 -1.1228 -1.122 -1.1248 -1.1244 -1.1252 -1.1252 -1.1196 -1.1144 -1.1152 -1.1156 -1.1188 -1.1128 -1.116 -1.1164 -1.1116 -1.1124 -1.1104 -1.1104 -1.1108 -1.1068 -1.1072 -1.1064 -1.1052 -1.1044 -1.102 -1.1044 -1.1028 -1.1044 -1.1012 -1.1008 -1.1008 -1.092 -1.086 -1.0852 -1.0848 -1.0844 -1.0912 -1.0936 -1.0932 -1.0928 -1.094 -1.0944 -1.0956 -1.0924 -1.092 -1.09 -1.0912 -1.09 -1.0804 -1.0808 -1.0796 -1.08 -1.0816 -1.0708 -1.0712 
-1.4308 -1.3964 -1.3968 -1.3976 -1.3964 -1.3824 -1.382 -1.3824 -1.3796 -1.3752 -1.3728 -1.3672 -1.3592 -1.3572 -1.3524 -1.3524 -1.3292 -1.3288 -1.3284 -1.328 -1.3292 -1.3088 -1.3016 -1.3048 -1.28 -1.2752 -1.274 -1.2676 -1.2616 -1.2628 -1.2628 -1.2616 -1.2556 -1.2572 -1.248 -1.2456 -1.2396 -1.2384 -1.2364 -1.2372 -1.2368 -1.2364 -1.2344 -1.2312 -1.2272 -1.2264 -1.2256 -1.224 -1.2192 -1.2048 -1.204 -1.2064 -1.2052 -1.2068 -1.2024 -1.2032 -1.1972 -1.1952 -1.1948 -1.1936 -1.192 -1.1912 -1.1912 -1.1868 -1.1876 -1.1872 -1.1864 -1.1868 -1.186 -1.186 -1.1868 -1.1856 -1.1864 -1.184 -1.1844 -1.1848 -1.1688 -1.1676 -1.1672 -1.1668 -1.164 -1.164 -1.164 -1.1636 -1.164 -1.1628 -1.1632 -1.1628 -1.1628 -1.1604 -1.1608 -1.1608 -1.1608 -1.1668 -1.1672 -1.1696 -1.17 -1.1708 -1.1688 -1.1568 -1.1572 -1.1556 -1.1548 -1.1584 -1.1564 -1.1548 -1.1552 -1.1568 -1.158 -1.1568 -1.162 -1.1628 -1.1632 -1.1624 -1.1616 -1.1664 -1.1672 -1.1684 -1.1692 -1.1696 -1.1692 -1.1684 -1.1684 -1.1692 -1.1696 -1.17 -1.168 -1.1684 -1.1656 -1.1632 -1.1644 -1.1644 -1.1644 -1.1648 -1.164 -1.164 -1.1632 -1.1636 -1.1644 -1.1636 -1.1596 -1.1576 -1.1572 -1.1564 -1.1568 -1.156 -1.1572 -1.156 -1.1556 -1.1512 -1.1512 -1.1496 -1.1508 -1.1504 -1.1516 -1.1496 -1.154 -1.1504 -1.1468 -1.14 -1.1404 -1.1384 -1.142 -1.1408 -1.1428 -1.1432 -1.1428 -1.1412 -1.1416 -1.1376 -1.1396 -1.1408 -1.1348 -1.1252 -1.124 -1.124 -1.1268 -1.126 -1.1268 -1.1176 -1.118 -1.1128 -1.1128 -1.1104 -1.1104 -1.1064 -1.1084 -1.11 -1.1104 -1.1104 -1.1096 -1.112 -1.1136 -1.1144 -1.1156 -1.1148 -1.1152 -1.1148 -1.112 -1.11 
-1.4 -1.3996 -1.4008 -1.3992 -1.3984 -1.3988 -1.3824 -1.3816 -1.3832 -1.3828 -1.3788 -1.376 -1.3712 -1.368 -1.3672 -1.3608 -1.3584 -1.3576 -1.3556 -1.3472 -1.3456 -1.3444 -1.3324 -1.3268 -1.328 -1.3288 -1.3292 -1.3292 -1.3204 -1.32 -1.2912 -1.2784 -1.28 -1.2804 -1.2776 -1.2752 -1.274 -1.2728 -1.268 -1.2684 -1.2668 -1.2636 -1.2624 -1.2636 -1.2576 -1.2588 -1.258 -1.256 -1.256 -1.2516 -1.2312 -1.2316 -1.2332 -1.2332 -1.2308 -1.2304 -1.2216 -1.2216 -1.2216 -1.2224 -1.216 -1.2084 -1.2048 -1.1996 -1.2004 -1.1976 -1.1952 -1.1964 -1.1992 -1.1992 -1.1996 -1.2004 -1.2004 -1.198 -1.1928 -1.1912 -1.194 -1.1928 -1.1928 -1.1952 -1.196 -1.1972 -1.1932 -1.192 -1.1924 -1.1868 -1.186 -1.1848 -1.1808 -1.1748 -1.1652 -1.1664 -1.1584 -1.1572 -1.1564 -1.1548 -1.1564 -1.1556 -1.1564 -1.1516 -1.152 -1.1488 -1.1492 -1.1392 -1.1388 -1.138 -1.138 -1.138 -1.138 -1.1376 -1.1372 -1.1376 -1.1384 -1.1324 -1.1248 -1.124 -1.1232 -1.1216 -1.1164 -1.1164 -1.1164 -1.1124 -1.1044 -1.104 -1.1052 -1.104 -1.1032 -1.1024 -1.102 -1.098 -1.0976 -1.0932 -1.0932 -1.0936 -1.0916 -1.0924 -1.0912 -1.0912 -1.0924 -1.092 -1.0924 -1.092 -1.0856 -1.0856 -1.0852 -1.0848 -1.0868 -1.0824 -1.0824 -1.082 -1.0804 -1.0756 -1.0748 -1.074 -1.0684 -1.0688 -1.068 -1.0604 -1.0588 -1.062 -1.0624 -1.0612 -1.0596 -1.0576 -1.0544 -1.0556 -1.0584 -1.0556 -1.0572 -1.0524 -1.0528 -1.0472 -1.0432 -1.036 -1.0372 -1.0396 -1.04 -1.04 -1.0392 -1.0384 -1.036 -1.0396 -1.0392 -1.0368 -1.036 -1.0364 -1.0368 -1.0388 -1.0408 -1.0404 -1.038 -1.0352 -1.0352 -1.0344 -1.0352 -1.0348 -1.0332 -1.034 -1.0312 -1.0292 
-1.3488 -1.3392 -1.3332 -1.3336 -1.3244 -1.3156 -1.3132 -1.3132 -1.314 -1.3124 -1.3128 -1.3128 -1.31 -1.304 -1.284 -1.2832 -1.2712 -1.256 -1.2568 -1.2548 -1.2452 -1.242 -1.2408 -1.2356 -1.2384 -1.2388 -1.238 -1.2372 -1.2312 -1.2308 -1.2308 -1.2252 -1.2256 -1.2224 -1.2224 -1.2248 -1.2248 -1.2176 -1.2152 -1.2144 -1.2108 -1.2104 -1.2076 -1.1908 -1.184 -1.1848 -1.186 -1.1908 -1.1908 -1.19 -1.1884 -1.1872 -1.184 -1.1816 -1.1756 -1.1728 -1.164 -1.1644 -1.1664 -1.1664 -1.166 -1.166 -1.1652 -1.164 -1.1632 -1.1388 -1.1396 -1.1364 -1.1364 -1.1372 -1.1388 -1.136 -1.136 -1.13 -1.1244 -1.1224 -1.122 -1.1228 -1.1212 -1.1204 -1.1136 -1.1112 -1.1104 -1.1104 -1.1084 -1.1056 -1.1088 -1.1064 -1.1044 -1.1044 -1.104 -1.102 -1.1032 -1.1044 -1.1056 -1.102 -1.1024 -1.1032 -1.1032 -1.104 -1.1032 -1.1048 -1.104 -1.1036 -1.1044 -1.1044 -1.104 -1.0996 -1.0964 -1.096 -1.0984 -1.1012 -1.0972 -1.0976 -1.0976 -1.0976 -1.0976 -1.0992 -1.0988 -1.0972 -1.0968 -1.0964 -1.0916 -1.0908 -1.0888 -1.0888 -1.0888 -1.0888 -1.0892 -1.0892 -1.09 -1.0912 -1.09 -1.088 -1.0876 -1.0888 -1.086 -1.0836 -1.0816 -1.0816 -1.0836 -1.0832 -1.08 -1.0804 -1.0796 -1.078 -1.0792 -1.0772 -1.074 -1.0736 -1.0728 -1.0724 -1.0708 -1.0736 -1.0716 -1.074 -1.072 -1.07 -1.0696 -1.0732 -1.0728 -1.0732 -1.0736 -1.0732 -1.0736 -1.0748 -1.0756 -1.0756 -1.0752 -1.0748 -1.0748 -1.07 -1.0704 -1.0708 -1.0696 -1.0696 -1.0704 -1.0704 -1.0696 -1.0692 -1.0688 -1.066 -1.0664 -1.06 -1.06 -1.0572 -1.0576 -1.0568 -1.0576 -1.0552 -1.0524 -1.0516 -1.0512 -1.0524 -1.0516 -1.0512 -1.0536 -1.054 -1.054 -1.0548 
-1.9992 -1.908 -1.4792 -1.4784 -1.478 -1.464 -1.3728 -1.3732 -1.3732 -1.3708 -1.368 -1.368 -1.3696 -1.3644 -1.356 -1.352 -1.3512 -1.3364 -1.3332 -1.294 -1.2884 -1.2856 -1.2804 -1.2796 -1.2776 -1.2776 -1.2784 -1.2772 -1.2724 -1.272 -1.2716 -1.2712 -1.272 -1.2732 -1.2728 -1.266 -1.2668 -1.2648 -1.2652 -1.256 -1.258 -1.2416 -1.2368 -1.2292 -1.2272 -1.2284 -1.2292 -1.2256 -1.2244 -1.2172 -1.216 -1.2148 -1.2072 -1.2052 -1.2 -1.1988 -1.1988 -1.1968 -1.1956 -1.1936 -1.1932 -1.1872 -1.186 -1.1804 -1.1772 -1.1784 -1.1784 -1.176 -1.1756 -1.1764 -1.1756 -1.1668 -1.168 -1.168 -1.1656 -1.1632 -1.1628 -1.1628 -1.1604 -1.1592 -1.1576 -1.1572 -1.1504 -1.1476 -1.1452 -1.1436 -1.1428 -1.1424 -1.1428 -1.1432 -1.1348 -1.134 -1.1332 -1.1324 -1.128 -1.128 -1.1244 -1.1188 -1.1192 -1.12 -1.1176 -1.1168 -1.118 -1.118 -1.1116 -1.1108 -1.1116 -1.1112 -1.112 -1.1124 -1.112 -1.112 -1.1128 -1.1136 -1.1156 -1.1104 -1.1096 -1.108 -1.1032 -1.1036 -1.1028 -1.1032 -1.1036 -1.1032 -1.1032 -1.104 -1.1028 -1.1024 -1.1032 -1.0984 -1.0996 -1.1012 -1.1024 -1.102 -1.102 -1.1004 -1.1004 -1.1004 -1.1 -1.1012 -1.1012 -1.1 -1.0972 -1.0964 -1.0936 -1.0932 -1.094 -1.094 -1.0936 -1.0936 -1.0848 -1.0856 -1.0872 -1.0864 -1.0856 -1.0844 -1.0868 -1.0832 -1.0832 -1.0808 -1.0808 -1.0788 -1.078 -1.0764 -1.0756 -1.0704 -1.0668 -1.0652 -1.064 -1.0644 -1.0624 -1.0624 -1.0596 -1.0592 -1.0592 -1.0608 -1.0616 -1.062 -1.0572 -1.0572 -1.0584 -1.0588 -1.0584 -1.0584 -1.0568 -1.054 -1.052 -1.052 -1.0508 -1.05 -1.0512 -1.0516 -1.0512 -1.0492 -1.0452 -1.0448 -1.0456 -1.0428 -1.0428 -1.042 
-1.4672 -1.4644 -1.4592 -1.4084 -1.4048 -1.4008 -1.3984 -1.3896 -1.3652 -1.364 -1.3628 -1.362 -1.3636 -1.3608 -1.36 -1.3552 -1.3544 -1.3552 -1.3496 -1.3464 -1.3432 -1.3436 -1.3416 -1.2796 -1.2792 -1.2796 -1.2796 -1.2556 -1.2544 -1.2536 -1.2544 -1.248 -1.2484 -1.2492 -1.2472 -1.2452 -1.2436 -1.2432 -1.2432 -1.236 -1.236 -1.2352 -1.2356 -1.2376 -1.2372 -1.2308 -1.2292 -1.2284 -1.22 -1.22 -1.2212 -1.2084 -1.2036 -1.2024 -1.1988 -1.198 -1.198 -1.1972 -1.1956 -1.1964 -1.1952 -1.1952 -1.1936 -1.1924 -1.1832 -1.1832 -1.184 -1.1816 -1.1808 -1.1804 -1.1808 -1.18 -1.1776 -1.17 -1.1664 -1.1668 -1.1652 -1.164 -1.1604 -1.1596 -1.1584 -1.1552 -1.1552 -1.1468 -1.1456 -1.1428 -1.1424 -1.142 -1.1412 -1.1404 -1.1372 -1.1368 -1.1364 -1.1348 -1.1352 -1.1348 -1.1332 -1.1324 -1.1324 -1.1296 -1.1264 -1.1256 -1.1264 -1.1248 -1.126 -1.126 -1.1224 -1.1216 -1.1204 -1.1196 -1.1196 -1.1204 -1.1188 -1.1172 -1.1164 -1.1156 -1.1124 -1.1124 -1.1112 -1.1084 -1.1064 -1.1064 -1.1068 -1.1064 -1.1068 -1.1068 -1.1076 -1.1084 -1.1056 -1.104 -1.1024 -1.104 -1.1032 -1.1016 -1.0996 -1.0968 -1.096 -1.0976 -1.0976 -1.098 -1.0968 -1.096 -1.096 -1.0944 -1.0952 -1.094 -1.0948 -1.0956 -1.096 -1.0964 -1.0964 -1.096 -1.0964 -1.0956 -1.0932 -1.0856 -1.0848 -1.084 -1.0844 -1.0844 -1.0812 -1.0784 -1.0792 -1.078 -1.0788 -1.078 -1.0784 -1.0772 -1.0752 -1.0752 -1.0752 -1.0748 -1.0752 -1.0752 -1.0752 -1.0744 -1.0736 -1.0744 -1.0736 -1.0728 -1.0724 -1.072 -1.0712 -1.0724 -1.0668 -1.06 -1.0604 -1.0608 -1.0612 -1.0596 -1.058 -1.0584 -1.058 -1.0628 -1.0608 -1.0616 -1.0568 -1.0568 -1.0588 -1.0576 
-1.7264 -1.6352 -1.6336 -1.6024 -1.6016 -1.6024 -1.4276 -1.4244 -1.4244 -1.424 -1.4244 -1.4232 -1.4212 -1.4136 -1.4128 -1.412 -1.3956 -1.3968 -1.3956 -1.392 -1.3912 -1.3896 -1.3844 -1.38 -1.3768 -1.3752 -1.3752 -1.3728 -1.3716 -1.3692 -1.3632 -1.3572 -1.3568 -1.3564 -1.3488 -1.3504 -1.3484 -1.3464 -1.3464 -1.346 -1.344 -1.3436 -1.3436 -1.32 -1.3184 -1.3184 -1.3208 -1.3212 -1.3204 -1.32 -1.3184 -1.3156 -1.3128 -1.308 -1.2916 -1.2916 -1.2908 -1.288 -1.2848 -1.2848 -1.2828 -1.2792 -1.2776 -1.2584 -1.2568 -1.2568 -1.2556 -1.2552 -1.2436 -1.2444 -1.2372 -1.2376 -1.2132 -1.2116 -1.2124 -1.2068 -1.2068 -1.2068 -1.2068 -1.2036 -1.2036 -1.202 -1.2004 -1.2 -1.2016 -1.2012 -1.2012 -1.1976 -1.198 -1.1956 -1.1964 -1.1972 -1.196 -1.1952 -1.1936 -1.1932 -1.1944 -1.1956 -1.1964 -1.1972 -1.1968 -1.1964 -1.1964 -1.1928 -1.1836 -1.1832 -1.1816 -1.1776 -1.1776 -1.1744 -1.174 -1.1732 -1.172 -1.172 -1.1696 -1.1636 -1.1628 -1.162 -1.1624 -1.1612 -1.1616 -1.1596 -1.1604 -1.16 -1.1596 -1.1596 -1.1504 -1.1496 -1.1492 -1.1488 -1.1476 -1.1492 -1.1408 -1.1348 -1.134 -1.1316 -1.1312 -1.1328 -1.12 -1.1204 -1.1196 -1.1196 -1.12 -1.12 -1.12 -1.1188 -1.1192 -1.1168 -1.1128 -1.1128 -1.1124 -1.1092 -1.1072 -1.1076 -1.1088 -1.1076 -1.1072 -1.1076 -1.1064 -1.1068 -1.1 -1.0936 -1.094 -1.0904 -1.0904 -1.09 -1.0868 -1.0844 -1.0812 -1.0804 -1.08 -1.0784 -1.078 -1.08 -1.0796 -1.0804 -1.0796 -1.0788 -1.0752 -1.0752 -1.0772 -1.0772 -1.068 -1.0672 -1.0628 -1.0604 -1.0604 -1.0588 -1.0576 -1.0556 -1.0524 -1.052 -1.0476 -1.0484 -1.0452 -1.0452 -1.0448 -1.044 -1.0408 -1.0424 
-1.9304 -1.8588 -1.8408 -1.8364 -1.8352 -1.6292 -1.628 -1.6196 -1.584 -1.5832 -1.5812 -1.5724 -1.5312 -1.5308 -1.53 -1.5288 -1.5256 -1.4892 -1.4548 -1.4508 -1.4504 -1.4464 -1.436 -1.4356 -1.4292 -1.4316 -1.432 -1.432 -1.432 -1.4168 -1.4172 -1.4168 -1.4176 -1.4168 -1.4148 -1.4148 -1.4128 -1.4104 -1.4104 -1.4096 -1.4088 -1.376 -1.376 -1.3772 -1.3752 -1.3728 -1.3596 -1.3588 -1.3084 -1.3084 -1.308 -1.302 -1.3004 -1.2996 -1.2988 -1.2984 -1.2988 -1.2988 -1.2976 -1.2812 -1.2816 -1.2816 -1.2808 -1.2728 -1.2724 -1.2744 -1.2744 -1.2732 -1.272 -1.2724 -1.2688 -1.2696 -1.2712 -1.2716 -1.2712 -1.2684 -1.2672 -1.2588 -1.258 -1.2628 -1.2624 -1.2616 -1.2544 -1.226 -1.2184 -1.218 -1.2172 -1.2132 -1.2128 -1.2132 -1.21 -1.2104 -1.2112 -1.2112 -1.2104 -1.21 -1.2096 -1.2072 -1.2048 -1.2028 -1.2024 -1.1956 -1.1868 -1.1864 -1.1768 -1.1768 -1.1756 -1.1688 -1.1684 -1.168 -1.1684 -1.1632 -1.1632 -1.1632 -1.162 -1.1604 -1.1588 -1.1588 -1.1584 -1.158 -1.1564 -1.1552 -1.15 -1.148 -1.1464 -1.1456 -1.1464 -1.144 -1.144 -1.14 -1.1404 -1.14 -1.1392 -1.1388 -1.138 -1.1352 -1.1348 -1.1364 -1.136 -1.1356 -1.1344 -1.1356 -1.136 -1.1244 -1.1248 -1.1228 -1.1096 -1.1088 -1.1084 -1.11 -1.1096 -1.1088 -1.1092 -1.1088 -1.1084 -1.1056 -1.1064 -1.1056 -1.1068 -1.106 -1.1024 -1.1004 -1.1004 -1.1012 -1.0964 -1.0952 -1.0948 -1.0956 -1.0952 -1.0952 -1.0952 -1.0944 -1.094 -1.0948 -1.0952 -1.0948 -1.0944 -1.0932 -1.092 -1.092 -1.0924 -1.092 -1.0916 -1.084 -1.084 -1.0808 -1.0804 -1.0792 -1.078 -1.0768 -1.0764 -1.0776 -1.0776 -1.0752 -1.0728 -1.074 -1.0728 -1.0724 -1.072 -1.0728 
-1.9852 -1.8272 -1.7256 -1.5844 -1.5824 -1.578 -1.5764 -1.5756 -1.5708 -1.5696 -1.552 -1.552 -1.5464 -1.5428 -1.5412 -1.4996 -1.49 -1.4896 -1.4868 -1.4876 -1.4868 -1.486 -1.4884 -1.488 -1.4592 -1.4468 -1.446 -1.4408 -1.442 -1.4376 -1.436 -1.4344 -1.4292 -1.4244 -1.4248 -1.4244 -1.4228 -1.422 -1.42 -1.4204 -1.3688 -1.3524 -1.352 -1.3512 -1.3488 -1.3464 -1.346 -1.3444 -1.3436 -1.3404 -1.3388 -1.3388 -1.3388 -1.3268 -1.326 -1.3196 -1.3196 -1.3216 -1.3156 -1.3144 -1.3128 -1.312 -1.3124 -1.3124 -1.3116 -1.3088 -1.308 -1.308 -1.308 -1.3064 -1.3064 -1.3068 -1.306 -1.3048 -1.2712 -1.2704 -1.2688 -1.2632 -1.262 -1.246 -1.2456 -1.2452 -1.2456 -1.2468 -1.2468 -1.244 -1.2436 -1.2424 -1.2416 -1.2384 -1.2376 -1.2308 -1.2316 -1.2316 -1.232 -1.2288 -1.2288 -1.2304 -1.2284 -1.2268 -1.2256 -1.2248 -1.2192 -1.2188 -1.2176 -1.2176 -1.218 -1.2168 -1.2156 -1.2144 -1.2136 -1.2132 -1.2088 -1.2064 -1.2076 -1.2044 -1.2028 -1.2028 -1.1964 -1.1944 -1.188 -1.1872 -1.186 -1.1856 -1.1844 -1.1836 -1.1824 -1.182 -1.1832 -1.1828 -1.182 -1.1812 -1.182 -1.1816 -1.1812 -1.1796 -1.1664 -1.1672 -1.1668 -1.1604 -1.1572 -1.158 -1.1572 -1.1552 -1.156 -1.1524 -1.1508 -1.1444 -1.1436 -1.1448 -1.1452 -1.1408 -1.1404 -1.1404 -1.1404 -1.1412 -1.1368 -1.134 -1.1328 -1.1328 -1.1304 -1.1288 -1.1284 -1.128 -1.1216 -1.1216 -1.1188 -1.118 -1.1188 -1.118 -1.1188 -1.118 -1.118 -1.1176 -1.1164 -1.1156 -1.1152 -1.1144 -1.1148 -1.108 -1.1056 -1.1056 -1.1068 -1.1072 -1.106 -1.1068 -1.1072 -1.1084 -1.1096 -1.108 -1.1084 -1.1096 -1.1096 -1.1096 -1.11 -1.1088 -1.108 -1.1072 -1.1072 -1.1068 
-1.9708 -1.97 -1.9664 -1.9456 -1.7336 -1.718 -1.7108 -1.7072 -1.6668 -1.666 -1.6652 -1.6616 -1.6552 -1.6516 -1.6452 -1.6468 -1.642 -1.5696 -1.5692 -1.568 -1.5672 -1.5664 -1.5664 -1.5624 -1.5296 -1.5292 -1.5224 -1.522 -1.5164 -1.5148 -1.502 -1.4564 -1.4556 -1.4556 -1.4484 -1.4476 -1.4088 -1.4084 -1.3984 -1.3948 -1.3896 -1.388 -1.3848 -1.3824 -1.3812 -1.3816 -1.374 -1.3728 -1.3692 -1.3648 -1.3616 -1.362 -1.36 -1.3592 -1.358 -1.3564 -1.3544 -1.3544 -1.354 -1.352 -1.3512 -1.346 -1.3452 -1.3396 -1.34 -1.3268 -1.3276 -1.3276 -1.3272 -1.3256 -1.3228 -1.296 -1.2956 -1.2964 -1.2788 -1.276 -1.2748 -1.2756 -1.2656 -1.2648 -1.2644 -1.2644 -1.264 -1.2648 -1.2632 -1.256 -1.256 -1.2556 -1.2544 -1.2488 -1.2472 -1.2432 -1.2436 -1.2424 -1.2432 -1.2428 -1.2428 -1.2412 -1.24 -1.24 -1.2352 -1.234 -1.234 -1.2344 -1.2268 -1.2264 -1.2264 -1.2232 -1.2216 -1.2236 -1.2232 -1.2248 -1.2228 -1.22 -1.2184 -1.2124 -1.2112 -1.208 -1.2064 -1.2064 -1.2064 -1.2064 -1.206 -1.2056 -1.2 -1.1992 -1.1996 -1.1924 -1.192 -1.1924 -1.1888 -1.1884 -1.1852 -1.1852 -1.1852 -1.1856 -1.1728 -1.174 -1.1736 -1.1732 -1.1732 -1.1656 -1.1648 -1.1604 -1.1592 -1.1604 -1.1608 -1.1536 -1.1536 -1.1492 -1.1476 -1.1464 -1.1444 -1.1412 -1.1412 -1.1408 -1.1376 -1.1376 -1.1232 -1.1036 -1.1044 -1.1036 -1.1036 -1.104 -1.1032 -1.1036 -1.1032 -1.1004 -1.1 -1.098 -1.0964 -1.0952 -1.0816 -1.0816 -1.0788 -1.0772 -1.0768 -1.076 -1.0764 -1.0748 -1.0756 -1.0744 -1.0752 -1.074 -1.0748 -1.0752 -1.0748 -1.0736 -1.0744 -1.0736 -1.0732 -1.0728 -1.0736 -1.06 -1.0592 -1.0596 -1.0588 -1.0564 -1.0564 -1.054 
-1.9264 -1.9256 -1.9252 -1.9016 -1.9 -1.8956 -1.8888 -1.878 -1.8764 -1.8084 -1.8 -1.794 -1.7724 -1.7708 -1.7696 -1.7348 -1.7244 -1.728 -1.7164 -1.7136 -1.7128 -1.7108 -1.7028 -1.6752 -1.6744 -1.6712 -1.6572 -1.6564 -1.6468 -1.6476 -1.6472 -1.6464 -1.64 -1.6388 -1.6384 -1.6352 -1.6304 -1.6288 -1.562 -1.5608 -1.5608 -1.5548 -1.5472 -1.5052 -1.4928 -1.4916 -1.484 -1.4692 -1.462 -1.4564 -1.454 -1.4548 -1.4552 -1.4212 -1.42 -1.4196 -1.4192 -1.4168 -1.4012 -1.3948 -1.3876 -1.388 -1.3808 -1.3796 -1.3796 -1.3776 -1.3672 -1.3664 -1.3644 -1.3572 -1.3568 -1.3504 -1.3472 -1.3448 -1.34 -1.3404 -1.34 -1.338 -1.3348 -1.3236 -1.3188 -1.3192 -1.3192 -1.3172 -1.3172 -1.318 -1.3176 -1.3164 -1.3172 -1.3172 -1.3152 -1.3128 -1.3084 -1.3088 -1.3076 -1.308 -1.308 -1.3072 -1.3052 -1.3024 -1.302 -1.302 -1.3 -1.3004 -1.3 -1.2996 -1.2996 -1.2984 -1.2924 -1.2912 -1.2904 -1.2852 -1.2772 -1.2772 -1.2764 -1.2764 -1.2768 -1.2752 -1.2656 -1.2652 -1.2656 -1.266 -1.2532 -1.2528 -1.2516 -1.246 -1.2456 -1.2472 -1.2424 -1.2404 -1.24 -1.2392 -1.2384 -1.238 -1.224 -1.2188 -1.2188 -1.2152 -1.2144 -1.2144 -1.2148 -1.2072 -1.2064 -1.21 -1.2064 -1.2064 -1.2064 -1.202 -1.202 -1.2024 -1.1972 -1.1976 -1.1988 -1.1988 -1.1976 -1.1988 -1.1976 -1.1924 -1.192 -1.192 -1.1912 -1.19 -1.186 -1.184 -1.182 -1.1812 -1.1804 -1.1804 -1.18 -1.1808 -1.1668 -1.1652 -1.1636 -1.1588 -1.1592 -1.1572 -1.1564 -1.156 -1.1556 -1.1548 -1.1536 -1.1512 -1.1512 -1.1496 -1.1488 -1.146 -1.146 -1.1392 -1.1392 -1.1388 -1.138 -1.1364 -1.136 -1.1352 -1.1344 -1.1296 -1.1284 -1.1272 -1.126 -1.1252 
-1.9984 -1.9708 -1.9588 -1.9536 -1.9496 -1.8408 -1.8368 -1.82 -1.8068 -1.7864 -1.7436 -1.7428 -1.742 -1.7412 -1.6848 -1.6588 -1.6476 -1.6324 -1.6224 -1.6132 -1.6104 -1.6092 -1.6076 -1.6016 -1.6004 -1.6 -1.5972 -1.5928 -1.5748 -1.5744 -1.5732 -1.5668 -1.5668 -1.5656 -1.5552 -1.5544 -1.5548 -1.5524 -1.5548 -1.5484 -1.5472 -1.546 -1.5356 -1.5348 -1.5312 -1.5312 -1.532 -1.5276 -1.5292 -1.5284 -1.5004 -1.4996 -1.5 -1.5004 -1.4992 -1.4932 -1.472 -1.4164 -1.382 -1.3808 -1.3816 -1.3752 -1.3732 -1.3732 -1.3608 -1.36 -1.3584 -1.3572 -1.3576 -1.342 -1.3408 -1.3392 -1.3396 -1.3388 -1.3248 -1.3224 -1.3192 -1.316 -1.3144 -1.3148 -1.3132 -1.3024 -1.3004 -1.3 -1.2972 -1.2912 -1.2904 -1.2884 -1.2884 -1.2888 -1.2896 -1.2892 -1.2872 -1.2868 -1.286 -1.2864 -1.286 -1.2884 -1.288 -1.28 -1.274 -1.2744 -1.2732 -1.2744 -1.2724 -1.2724 -1.2732 -1.272 -1.2712 -1.2704 -1.2656 -1.2632 -1.2624 -1.2596 -1.2596 -1.2596 -1.256 -1.2512 -1.2504 -1.2504 -1.2504 -1.2488 -1.238 -1.2344 -1.2332 -1.232 -1.2312 -1.2292 -1.228 -1.226 -1.2252 -1.2232 -1.2136 -1.212 -1.2104 -1.2096 -1.2084 -1.2076 -1.2092 -1.208 -1.2068 -1.208 -1.2072 -1.2056 -1.2044 -1.2044 -1.2052 -1.2044 -1.206 -1.204 -1.2028 -1.1756 -1.1756 -1.1756 -1.176 -1.1744 -1.1688 -1.1664 -1.166 -1.1664 -1.1584 -1.1596 -1.1576 -1.1572 -1.1584 -1.1556 -1.1544 -1.1544 -1.156 -1.1564 -1.1536 -1.15 -1.1508 -1.1512 -1.1472 -1.1464 -1.1468 -1.1352 -1.136 -1.1372 -1.1372 -1.1392 -1.134 -1.1352 -1.1384 -1.1324 -1.1312 -1.13 -1.13 -1.13 -1.1284 -1.128 -1.1276 -1.126 -1.1272 -1.1276 -1.1272 -1.1276 -1.126 -1.126 
-1.992 -1.9884 -1.9664 -1.9612 -1.9576 -1.9556 -1.9552 -1.9348 -1.902 -1.8988 -1.8792 -1.8504 -1.8492 -1.8496 -1.8336 -1.8212 -1.81 -1.7776 -1.7708 -1.754 -1.7532 -1.7192 -1.7164 -1.712 -1.6992 -1.6984 -1.6964 -1.6964 -1.6956 -1.6672 -1.6664 -1.664 -1.6604 -1.6596 -1.6508 -1.6468 -1.6448 -1.6216 -1.6188 -1.5988 -1.5904 -1.5896 -1.5884 -1.584 -1.5824 -1.5752 -1.5404 -1.5336 -1.5168 -1.5156 -1.5144 -1.512 -1.5108 -1.5 -1.4996 -1.4784 -1.4776 -1.4776 -1.4768 -1.4736 -1.4732 -1.47 -1.4672 -1.4628 -1.4624 -1.4608 -1.4592 -1.4544 -1.4536 -1.452 -1.4272 -1.426 -1.4248 -1.4264 -1.4236 -1.42 -1.42 -1.412 -1.412 -1.4128 -1.41 -1.4056 -1.4064 -1.4052 -1.4044 -1.3984 -1.3948 -1.3932 -1.3632 -1.3632 -1.3492 -1.3472 -1.3444 -1.344 -1.3432 -1.3424 -1.342 -1.3428 -1.3424 -1.3396 -1.3256 -1.3244 -1.326 -1.3256 -1.3204 -1.3084 -1.3088 -1.3064 -1.306 -1.3064 -1.3052 -1.3044 -1.3036 -1.302 -1.296 -1.2944 -1.294 -1.2912 -1.2464 -1.2412 -1.2416 -1.2412 -1.2412 -1.242 -1.2388 -1.2388 -1.2372 -1.2364 -1.2336 -1.2284 -1.2284 -1.2288 -1.2284 -1.2268 -1.2224 -1.2172 -1.2168 -1.2148 -1.2028 -1.2024 -1.1992 -1.2004 -1.1964 -1.1952 -1.1952 -1.1928 -1.1912 -1.1892 -1.1864 -1.1852 -1.1852 -1.182 -1.1812 -1.1792 -1.1756 -1.1756 -1.1716 -1.1728 -1.1708 -1.1716 -1.1708 -1.1688 -1.1688 -1.1676 -1.1644 -1.1628 -1.1612 -1.1612 -1.1612 -1.1584 -1.1552 -1.1476 -1.1472 -1.1476 -1.148 -1.1396 -1.1396 -1.1404 -1.1312 -1.126 -1.1256 -1.1236 -1.1224 -1.1216 -1.1188 -1.118 -1.1164 -1.118 -1.118 -1.1156 -1.1152 -1.1116 -1.1112 -1.1068 -1.1052 -1.1048 -1.104 -1.1028 -1.1032 -1.1028 
-1.9976 -1.9968 -1.9908 -1.9896 -1.9852 -1.956 -1.9468 -1.9384 -1.9352 -1.9152 -1.8964 -1.8904 -1.8864 -1.884 -1.8776 -1.8764 -1.8516 -1.8248 -1.7356 -1.7324 -1.7184 -1.7156 -1.7048 -1.7024 -1.6896 -1.6888 -1.6864 -1.676 -1.6708 -1.6672 -1.666 -1.6596 -1.6576 -1.65 -1.6492 -1.6484 -1.6488 -1.65 -1.6464 -1.6468 -1.6452 -1.6384 -1.6356 -1.6356 -1.6356 -1.6304 -1.6212 -1.6204 -1.6212 -1.6164 -1.5948 -1.594 -1.5928 -1.5908 -1.5808 -1.5812 -1.5812 -1.5804 -1.5796 -1.5784 -1.5692 -1.5488 -1.546 -1.5444 -1.544 -1.5416 -1.5356 -1.5324 -1.532 -1.5304 -1.5292 -1.5232 -1.5232 -1.522 -1.5212 -1.5216 -1.522 -1.5224 -1.5216 -1.52 -1.5192 -1.5096 -1.5092 -1.4876 -1.4876 -1.4848 -1.4848 -1.4848 -1.4848 -1.4796 -1.4796 -1.4576 -1.4548 -1.442 -1.4424 -1.4424 -1.442 -1.4236 -1.424 -1.4228 -1.4212 -1.42 -1.4104 -1.3896 -1.3896 -1.3792 -1.3768 -1.3744 -1.3732 -1.3736 -1.3748 -1.374 -1.3732 -1.3724 -1.3716 -1.3708 -1.3696 -1.3668 -1.3648 -1.3584 -1.3564 -1.356 -1.3548 -1.3528 -1.3488 -1.3456 -1.3448 -1.3268 -1.3272 -1.3276 -1.3148 -1.3136 -1.3136 -1.3144 -1.314 -1.3132 -1.3132 -1.3088 -1.3084 -1.306 -1.306 -1.3032 -1.2976 -1.2968 -1.296 -1.2964 -1.2956 -1.2944 -1.286 -1.284 -1.2828 -1.2824 -1.2816 -1.276 -1.2756 -1.2752 -1.2684 -1.268 -1.2684 -1.2684 -1.2656 -1.2584 -1.2568 -1.2564 -1.256 -1.2496 -1.238 -1.2368 -1.2356 -1.236 -1.2372 -1.2376 -1.2376 -1.2384 -1.2364 -1.2356 -1.2348 -1.2348 -1.236 -1.2356 -1.2344 -1.2332 -1.23 -1.2252 -1.2244 -1.224 -1.22 -1.2192 -1.2184 -1.2092 -1.2092 -1.1996 -1.1824 -1.1728 -1.174 -1.1736 -1.1752 -1.1724 -1.1724 -1.1716 
-1.9976 -1.9944 -1.956 -1.954 -1.946 -1.942 -1.9352 -1.9348 -1.8924 -1.8892 -1.8876 -1.886 -1.85 -1.8432 -1.7956 -1.7944 -1.7852 -1.784 -1.784 -1.7812 -1.7728 -1.72 -1.7192 -1.718 -1.7044 -1.702 -1.7016 -1.7 -1.6996 -1.7 -1.694 -1.6924 -1.6836 -1.6824 -1.644 -1.6376 -1.6376 -1.6348 -1.6332 -1.59 -1.5884 -1.5676 -1.5672 -1.5688 -1.5668 -1.5664 -1.56 -1.552 -1.5484 -1.546 -1.5428 -1.5424 -1.5152 -1.5132 -1.5124 -1.5096 -1.5048 -1.5056 -1.5032 -1.5024 -1.5028 -1.5016 -1.5008 -1.4928 -1.4888 -1.4836 -1.4792 -1.4496 -1.4464 -1.446 -1.4376 -1.4356 -1.4292 -1.4196 -1.4208 -1.42 -1.4144 -1.414 -1.4084 -1.4072 -1.3936 -1.3944 -1.3848 -1.3836 -1.3808 -1.3784 -1.3776 -1.3772 -1.3776 -1.378 -1.378 -1.3684 -1.3484 -1.3472 -1.3492 -1.3484 -1.3464 -1.3308 -1.33 -1.3304 -1.3292 -1.33 -1.3308 -1.3292 -1.324 -1.324 -1.324 -1.3232 -1.3216 -1.322 -1.3212 -1.3132 -1.3108 -1.3096 -1.3072 -1.3036 -1.3016 -1.2944 -1.2936 -1.2916 -1.29 -1.29 -1.288 -1.2888 -1.2888 -1.268 -1.2684 -1.2676 -1.266 -1.264 -1.2636 -1.2608 -1.2604 -1.252 -1.2504 -1.244 -1.2444 -1.2436 -1.2432 -1.2428 -1.2424 -1.242 -1.242 -1.238 -1.2336 -1.232 -1.2308 -1.2292 -1.23 -1.2292 -1.2292 -1.2288 -1.2288 -1.2224 -1.2208 -1.2176 -1.2148 -1.2116 -1.2096 -1.21 -1.2088 -1.2076 -1.2084 -1.1848 -1.1848 -1.1812 -1.1808 -1.1796 -1.1788 -1.1776 -1.1776 -1.176 -1.176 -1.1764 -1.1756 -1.1708 -1.17 -1.1696 -1.1664 -1.1656 -1.1656 -1.1648 -1.15 -1.1512 -1.15 -1.1488 -1.1428 -1.1444 -1.1404 -1.1368 -1.134 -1.1336 -1.1312 -1.1296 -1.1272 -1.126 -1.1252 -1.1244 -1.1244 -1.1244 
-1.9944 -1.9904 -1.9708 -1.9496 -1.9464 -1.936 -1.9196 -1.916 -1.9104 -1.8856 -1.8788 -1.8788 -1.874 -1.8732 -1.8716 -1.8644 -1.8636 -1.862 -1.8612 -1.8444 -1.844 -1.8424 -1.834 -1.8328 -1.832 -1.8304 -1.8296 -1.8152 -1.8112 -1.8068 -1.79 -1.78 -1.7784 -1.7776 -1.7756 -1.7732 -1.768 -1.7588 -1.7556 -1.7548 -1.7504 -1.7504 -1.746 -1.7408 -1.7192 -1.7088 -1.7072 -1.7064 -1.7056 -1.7044 -1.7048 -1.7016 -1.6996 -1.6984 -1.6968 -1.6856 -1.6816 -1.6796 -1.6788 -1.678 -1.6692 -1.6516 -1.65 -1.6388 -1.6376 -1.6312 -1.63 -1.6268 -1.626 -1.612 -1.6124 -1.6084 -1.5972 -1.5964 -1.5956 -1.594 -1.5932 -1.5928 -1.5896 -1.5728 -1.5656 -1.5656 -1.5572 -1.5476 -1.5464 -1.542 -1.5324 -1.528 -1.5276 -1.5092 -1.508 -1.5064 -1.5072 -1.5068 -1.5068 -1.5076 -1.5068 -1.4996 -1.4988 -1.4892 -1.4876 -1.4792 -1.47 -1.4692 -1.4584 -1.4572 -1.4572 -1.4572 -1.4568 -1.4456 -1.4388 -1.436 -1.4296 -1.4276 -1.4264 -1.4256 -1.424 -1.4116 -1.4112 -1.4096 -1.4084 -1.4072 -1.4032 -1.4032 -1.3988 -1.3944 -1.3924 -1.3924 -1.3824 -1.3824 -1.3752 -1.3684 -1.3656 -1.3652 -1.3644 -1.3624 -1.3584 -1.3592 -1.3564 -1.3564 -1.3552 -1.3512 -1.3512 -1.3512 -1.3496 -1.3488 -1.3492 -1.3488 -1.3492 -1.3484 -1.348 -1.3476 -1.3472 -1.3468 -1.3468 -1.3468 -1.3472 -1.346 -1.3448 -1.3444 -1.3436 -1.3424 -1.336 -1.3352 -1.336 -1.336 -1.3356 -1.3336 -1.3304 -1.3296 -1.3304 -1.3312 -1.3304 -1.3288 -1.3288 -1.332 -1.3312 -1.3224 -1.32 -1.3204 -1.3128 -1.312 -1.3076 -1.3068 -1.3068 -1.3064 -1.3044 -1.2996 -1.2992 -1.3 -1.2988 -1.298 -1.2952 -1.2916 -1.2892 -1.2808 -1.2788 -1.272 -1.2708 -1.2708 
-1.9984 -1.9404 -1.9128 -1.9064 -1.9048 -1.9028 -1.902 -1.8964 -1.8832 -1.8756 -1.874 -1.8668 -1.8652 -1.8416 -1.836 -1.832 -1.8292 -1.8192 -1.816 -1.814 -1.8092 -1.802 -1.8012 -1.7972 -1.7964 -1.7948 -1.794 -1.7924 -1.7876 -1.7856 -1.7856 -1.7752 -1.7256 -1.7224 -1.7156 -1.7128 -1.7112 -1.7012 -1.6996 -1.698 -1.696 -1.6948 -1.6936 -1.69 -1.69 -1.6888 -1.6876 -1.6864 -1.68 -1.6796 -1.67 -1.6696 -1.6644 -1.6636 -1.6516 -1.6508 -1.652 -1.6432 -1.6408 -1.6276 -1.6264 -1.6256 -1.6232 -1.6224 -1.6084 -1.6076 -1.608 -1.606 -1.5912 -1.5888 -1.586 -1.5684 -1.5676 -1.5664 -1.5648 -1.5632 -1.5644 -1.5496 -1.5432 -1.5432 -1.54 -1.5392 -1.5244 -1.5236 -1.5164 -1.5104 -1.5084 -1.5056 -1.5044 -1.5028 -1.4992 -1.5004 -1.4992 -1.4984 -1.4988 -1.498 -1.4964 -1.4952 -1.4912 -1.4924 -1.492 -1.49 -1.49 -1.4908 -1.4932 -1.492 -1.4908 -1.4916 -1.4892 -1.4852 -1.4844 -1.4848 -1.4836 -1.4832 -1.4656 -1.46 -1.442 -1.4392 -1.4388 -1.4376 -1.4348 -1.4356 -1.4344 -1.4288 -1.4276 -1.424 -1.4244 -1.4172 -1.4148 -1.4168 -1.4156 -1.4044 -1.3964 -1.3968 -1.3932 -1.3912 -1.3904 -1.3908 -1.3904 -1.3896 -1.3884 -1.3868 -1.3864 -1.38 -1.3792 -1.3776 -1.3772 -1.3756 -1.366 -1.3652 -1.3636 -1.3632 -1.3624 -1.3568 -1.3564 -1.3572 -1.3552 -1.3564 -1.354 -1.3524 -1.35 -1.3492 -1.3412 -1.3364 -1.336 -1.3372 -1.3332 -1.3336 -1.3324 -1.3208 -1.3212 -1.3212 -1.3192 -1.3196 -1.3176 -1.3072 -1.304 -1.3044 -1.3048 -1.2988 -1.2952 -1.2932 -1.2924 -1.2912 -1.2912 -1.2904 -1.2892 -1.2876 -1.2864 -1.2848 -1.2852 -1.2844 -1.2844 -1.2812 -1.2796 -1.2792 -1.2772 -1.2752 -1.2748 -1.2748 
-1.9916 -1.9908 -1.9848 -1.9828 -1.9728 -1.9632 -1.9616 -1.9616 -1.9604 -1.9568 -1.9548 -1.9492 -1.9456 -1.9404 -1.9356 -1.9348 -1.9208 -1.9164 -1.9128 -1.9116 -1.8928 -1.892 -1.8916 -1.882 -1.8732 -1.8492 -1.8456 -1.8464 -1.8456 -1.8412 -1.8392 -1.8396 -1.8348 -1.8336 -1.8296 -1.8288 -1.8248 -1.8108 -1.8092 -1.8052 -1.8052 -1.8044 -1.802 -1.8012 -1.8008 -1.8004 -1.7796 -1.7788 -1.7732 -1.772 -1.768 -1.7644 -1.7596 -1.7588 -1.7556 -1.7504 -1.7448 -1.7408 -1.732 -1.7308 -1.73 -1.728 -1.7272 -1.7236 -1.7184 -1.7172 -1.7152 -1.6984 -1.6976 -1.696 -1.6952 -1.6936 -1.6928 -1.6736 -1.672 -1.668 -1.6568 -1.6544 -1.6516 -1.646 -1.6392 -1.6392 -1.6352 -1.6244 -1.6252 -1.6244 -1.6232 -1.6104 -1.6092 -1.5924 -1.592 -1.5912 -1.5896 -1.5744 -1.5736 -1.5728 -1.57 -1.5696 -1.5672 -1.5656 -1.5648 -1.5632 -1.5516 -1.5396 -1.5372 -1.534 -1.5332 -1.5324 -1.5308 -1.5292 -1.5236 -1.5224 -1.5208 -1.5212 -1.5204 -1.5164 -1.5104 -1.4984 -1.4952 -1.496 -1.4948 -1.4916 -1.4896 -1.4864 -1.4868 -1.4812 -1.4812 -1.4804 -1.4784 -1.478 -1.468 -1.4644 -1.4592 -1.4584 -1.4564 -1.4556 -1.4548 -1.4472 -1.4388 -1.4264 -1.426 -1.426 -1.424 -1.4236 -1.4228 -1.422 -1.4216 -1.4092 -1.4084 -1.4032 -1.3948 -1.3936 -1.3912 -1.3836 -1.3836 -1.3824 -1.3832 -1.3824 -1.3828 -1.3808 -1.3808 -1.3736 -1.3728 -1.3716 -1.3708 -1.3716 -1.3716 -1.3708 -1.3572 -1.3572 -1.356 -1.344 -1.3384 -1.3352 -1.3344 -1.33 -1.3296 -1.3292 -1.3292 -1.3268 -1.3228 -1.3212 -1.3128 -1.3116 -1.312 -1.3108 -1.3092 -1.3028 -1.3004 -1.3008 -1.294 -1.2832 -1.284 -1.2836 -1.2824 -1.2808 -1.2804 -1.2804 -1.2796 -1.2784 
-1.9992 -1.9964 -1.9904 -1.9856 -1.9808 -1.974 -1.9672 -1.9664 -1.9656 -1.956 -1.9548 -1.9384 -1.9332 -1.9324 -1.93 -1.928 -1.9012 -1.8996 -1.8692 -1.8672 -1.8664 -1.866 -1.8656 -1.8612 -1.8488 -1.844 -1.84 -1.8304 -1.8272 -1.8236 -1.8236 -1.8216 -1.82 -1.8168 -1.8012 -1.8004 -1.7948 -1.7936 -1.7928 -1.7804 -1.772 -1.772 -1.7692 -1.7668 -1.7652 -1.7644 -1.7632 -1.7624 -1.7532 -1.752 -1.7444 -1.7436 -1.7352 -1.734 -1.7324 -1.726 -1.7248 -1.6976 -1.6968 -1.696 -1.6944 -1.694 -1.6912 -1.69 -1.6884 -1.6816 -1.6808 -1.6764 -1.676 -1.6724 -1.6688 -1.66 -1.6588 -1.6552 -1.6512 -1.6368 -1.6292 -1.6252 -1.6244 -1.622 -1.6208 -1.6156 -1.6152 -1.6152 -1.612 -1.6112 -1.6032 -1.5972 -1.5952 -1.5928 -1.5916 -1.5908 -1.5904 -1.582 -1.5764 -1.5756 -1.5608 -1.55 -1.5488 -1.5468 -1.5452 -1.5444 -1.5392 -1.5368 -1.5344 -1.5308 -1.5304 -1.5288 -1.5264 -1.5212 -1.5176 -1.5048 -1.4884 -1.4876 -1.4852 -1.482 -1.4808 -1.4656 -1.462 -1.4612 -1.4592 -1.458 -1.458 -1.4572 -1.4532 -1.448 -1.4472 -1.4456 -1.446 -1.4452 -1.4408 -1.44 -1.4408 -1.44 -1.4388 -1.438 -1.4364 -1.438 -1.4372 -1.4364 -1.4352 -1.4304 -1.4288 -1.4216 -1.4208 -1.4204 -1.4184 -1.4176 -1.416 -1.4136 -1.4144 -1.4112 -1.4112 -1.4096 -1.4056 -1.4056 -1.4044 -1.4044 -1.404 -1.4032 -1.404 -1.4032 -1.4028 -1.3996 -1.3956 -1.3848 -1.386 -1.3816 -1.3824 -1.3828 -1.3824 -1.3816 -1.3816 -1.3816 -1.3812 -1.3796 -1.3776 -1.3776 -1.3736 -1.3736 -1.3728 -1.368 -1.3676 -1.3664 -1.3652 -1.3652 -1.3624 -1.362 -1.358 -1.356 -1.3556 -1.3556 -1.3544 -1.354 -1.3544 -1.3536 -1.3536 -1.3532 -1.3492 -1.3468 
-1.9992 -1.9896 -1.9884 -1.9876 -1.9844 -1.9816 -1.9808 -1.964 -1.9636 -1.9624 -1.9616 -1.9608 -1.9596 -1.9588 -1.958 -1.956 -1.9532 -1.9524 -1.9508 -1.9388 -1.9288 -1.922 -1.9176 -1.9156 -1.9108 -1.9064 -1.9068 -1.8996 -1.896 -1.8928 -1.89 -1.8824 -1.878 -1.8772 -1.8752 -1.8732 -1.8692 -1.8612 -1.86 -1.8568 -1.8512 -1.8512 -1.8504 -1.8488 -1.8336 -1.8232 -1.82 -1.8172 -1.8148 -1.8128 -1.8116 -1.8 -1.7992 -1.7972 -1.7964 -1.7888 -1.788 -1.7772 -1.7764 -1.7724 -1.7652 -1.7652 -1.7568 -1.7516 -1.7456 -1.734 -1.7172 -1.7048 -1.6908 -1.6904 -1.69 -1.6872 -1.6864 -1.6844 -1.6832 -1.6748 -1.6744 -1.6724 -1.6596 -1.6612 -1.6568 -1.6528 -1.6524 -1.6512 -1.648 -1.646 -1.6408 -1.6412 -1.6336 -1.6328 -1.6272 -1.6268 -1.624 -1.6124 -1.6088 -1.604 -1.5964 -1.5952 -1.5924 -1.5916 -1.5896 -1.5884 -1.5876 -1.586 -1.5852 -1.5688 -1.5656 -1.564 -1.55 -1.5496 -1.5468 -1.546 -1.536 -1.5344 -1.5312 -1.5316 -1.5308 -1.5292 -1.526 -1.526 -1.5228 -1.5232 -1.5084 -1.5064 -1.5056 -1.5048 -1.5044 -1.5024 -1.5028 -1.4976 -1.4968 -1.4972 -1.4932 -1.492 -1.492 -1.4912 -1.48 -1.4796 -1.4784 -1.4632 -1.4624 -1.4604 -1.4592 -1.4508 -1.4508 -1.4404 -1.436 -1.4332 -1.4308 -1.4296 -1.43 -1.4288 -1.428 -1.426 -1.412 -1.4124 -1.406 -1.4044 -1.4036 -1.4012 -1.4004 -1.398 -1.3984 -1.3932 -1.3892 -1.3884 -1.3856 -1.3868 -1.3816 -1.3736 -1.3708 -1.3692 -1.3704 -1.3704 -1.37 -1.3684 -1.3656 -1.3652 -1.364 -1.3628 -1.3616 -1.3612 -1.3584 -1.3572 -1.348 -1.3468 -1.3456 -1.3448 -1.3448 -1.3444 -1.3432 -1.3428 -1.3356 -1.324 -1.324 -1.312 -1.3124 -1.3108 -1.3096 -1.3084 
-1.9988 -1.9964 -1.9956 -1.994 -1.984 -1.9764 -1.9708 -1.9624 -1.9612 -1.9532 -1.9472 -1.944 -1.9452 -1.9432 -1.9228 -1.9184 -1.9156 -1.9164 -1.9168 -1.894 -1.8844 -1.8832 -1.8824 -1.8712 -1.8692 -1.8696 -1.8688 -1.8652 -1.8456 -1.8396 -1.8272 -1.8252 -1.8224 -1.82 -1.82 -1.818 -1.8172 -1.816 -1.8084 -1.8076 -1.808 -1.7988 -1.7904 -1.7816 -1.772 -1.77 -1.764 -1.7616 -1.76 -1.7584 -1.7556 -1.742 -1.7412 -1.7368 -1.7288 -1.7292 -1.7216 -1.7104 -1.7112 -1.7076 -1.708 -1.7044 -1.698 -1.694 -1.6928 -1.692 -1.6896 -1.6884 -1.6888 -1.6884 -1.6888 -1.688 -1.6828 -1.6764 -1.6636 -1.6624 -1.6628 -1.6604 -1.642 -1.6408 -1.642 -1.6344 -1.6344 -1.6308 -1.614 -1.6068 -1.6056 -1.6056 -1.6044 -1.5992 -1.5976 -1.5936 -1.5868 -1.5848 -1.5832 -1.582 -1.5652 -1.56 -1.5592 -1.5584 -1.55 -1.5332 -1.5324 -1.5268 -1.524 -1.522 -1.5168 -1.5156 -1.5148 -1.514 -1.5136 -1.5068 -1.4936 -1.4772 -1.4772 -1.4704 -1.47 -1.4708 -1.4704 -1.4712 -1.4708 -1.4692 -1.4684 -1.468 -1.464 -1.4608 -1.456 -1.4556 -1.4544 -1.4544 -1.4544 -1.4452 -1.4408 -1.442 -1.4412 -1.4408 -1.4372 -1.4368 -1.4356 -1.4336 -1.416 -1.4136 -1.412 -1.4072 -1.4068 -1.408 -1.4076 -1.4052 -1.402 -1.4012 -1.4004 -1.398 -1.3964 -1.3956 -1.3948 -1.3948 -1.3928 -1.3908 -1.3904 -1.3884 -1.3884 -1.3872 -1.3864 -1.3872 -1.384 -1.3836 -1.3804 -1.3804 -1.3804 -1.3792 -1.372 -1.372 -1.3704 -1.3692 -1.3656 -1.362 -1.3572 -1.3556 -1.3552 -1.3544 -1.3524 -1.3524 -1.3492 -1.3488 -1.3468 -1.3432 -1.3432 -1.3412 -1.3356 -1.3336 -1.334 -1.334 -1.3316 -1.332 -1.3316 -1.3312 -1.3304 -1.3312 -1.3304 -1.3284 
-1.9988 -1.9964 -1.994 -1.974 -1.9732 -1.9724 -1.9536 -1.952 -1.946 -1.9432 -1.9364 -1.9296 -1.9288 -1.9204 -1.9196 -1.9132 -1.904 -1.9032 -1.9024 -1.9004 -1.8984 -1.8968 -1.8948 -1.8864 -1.884 -1.88 -1.8768 -1.8752 -1.874 -1.8748 -1.8732 -1.8636 -1.8596 -1.8588 -1.8572 -1.8552 -1.8536 -1.8508 -1.838 -1.8372 -1.8344 -1.8252 -1.822 -1.8212 -1.818 -1.8168 -1.816 -1.8152 -1.8148 -1.8076 -1.8072 -1.8048 -1.7932 -1.7924 -1.784 -1.7828 -1.7796 -1.7736 -1.7708 -1.7668 -1.7656 -1.7648 -1.7636 -1.7596 -1.7592 -1.758 -1.7508 -1.7464 -1.7456 -1.74 -1.73 -1.7276 -1.726 -1.712 -1.708 -1.7068 -1.706 -1.69 -1.6872 -1.6856 -1.6824 -1.6784 -1.6692 -1.666 -1.6648 -1.6636 -1.6616 -1.66 -1.6592 -1.6568 -1.6364 -1.6336 -1.6312 -1.616 -1.6112 -1.608 -1.6052 -1.6072 -1.5964 -1.5952 -1.5936 -1.5928 -1.5904 -1.5884 -1.5844 -1.5736 -1.5716 -1.572 -1.5684 -1.5672 -1.5664 -1.5668 -1.5648 -1.5648 -1.5588 -1.5572 -1.556 -1.554 -1.5524 -1.5516 -1.5524 -1.5468 -1.5456 -1.5436 -1.5412 -1.5364 -1.534 -1.5344 -1.5336 -1.5332 -1.5264 -1.5208 -1.52 -1.5216 -1.516 -1.514 -1.5104 -1.51 -1.5088 -1.504 -1.5048 -1.5016 -1.4968 -1.4956 -1.4968 -1.4976 -1.4932 -1.4912 -1.4904 -1.4868 -1.4856 -1.484 -1.4816 -1.4792 -1.4772 -1.4768 -1.4756 -1.4752 -1.474 -1.47 -1.4692 -1.4656 -1.4656 -1.4612 -1.454 -1.4508 -1.4448 -1.4436 -1.4436 -1.4404 -1.4396 -1.4208 -1.4108 -1.41 -1.3972 -1.3976 -1.3984 -1.3972 -1.396 -1.3956 -1.396 -1.3944 -1.3952 -1.3928 -1.3908 -1.3896 -1.3888 -1.388 -1.3848 -1.382 -1.382 -1.3772 -1.3744 -1.3724 -1.3716 -1.3712 -1.37 -1.37 -1.3672 -1.368 
