 Z axis is All Size=100 GenerationNum=200 GenerationWay=0 J=1 H=0 KbT starts from0 KbT ends at5 KbT's step is0.1
0.0006 0.025 0.0256 0.0332 0.0196 0.022 0.1274 0.1298 0.1394 0.1724 0.1964 0.1988 0.2484 0.2406 0.5718 0.8314 0.8316 0.9796 0.9994 1 1 1 1 1 1 1 1 1 1 1 1 1 1 1 1 1 1 1 1 1 1 1 1 1 1 1 1 1 1 1 1 1 1 1 1 1 1 1 1 1 1 1 1 1 1 1 1 1 1 1 1 1 1 1 1 1 1 1 1 1 1 1 1 1 1 1 1 1 1 1 1 1 1 1 1 1 1 1 1 1 1 1 1 1 1 1 1 1 1 1 1 1 1 1 1 1 1 1 1 1 1 1 1 1 1 1 1 1 1 1 1 1 1 1 1 1 1 1 1 1 1 1 1 1 1 1 1 1 1 1 1 1 1 1 1 1 1 1 1 1 1 1 1 1 1 1 1 1 1 1 1 1 1 1 1 1 1 1 1 1 1 1 1 1 1 1 1 1 1 1 1 1 1 1 1 1 1 1 1 1 
0.0062 0.0336 0.0366 0.0372 0.0364 0.0556 0.056 0.0562 0.0574 0.0652 0.0836 0.0952 0.0974 0.0932 0.0962 0.0758 0.1864 0.4304 0.6726 0.6616 0.926 0.993 0.9998 1 1 1 1 1 1 1 1 1 1 1 1 1 1 1 1 1 1 1 1 1 1 1 1 1 1 1 1 1 1 1 1 1 1 1 1 1 1 1 1 1 1 1 1 1 1 1 1 1 1 1 1 1 1 1 1 1 1 1 1 1 1 1 1 1 1 1 1 1 1 1 1 1 1 1 1 1 1 1 1 1 1 1 1 1 1 1 1 1 1 1 1 1 1 1 1 1 1 1 1 1 1 1 1 1 1 1 1 1 1 1 1 1 1 1 1 1 1 1 1 1 1 1 1 1 1 1 1 1 1 1 1 1 1 1 1 1 1 1 1 1 1 1 1 1 1 1 1 1 1 1 1 1 1 1 1 1 1 1 1 1 1 1 1 1 1 1 1 1 1 1 1 1 1 1 1 1 
0.0018 0.005 0.003 0.005 0.0368 0.029 0.0288 0.03 0.0286 0.0282 0.111 0.11 0.163 0.1398 0.1428 0.2058 0.3294 0.673 0.6714 0.882 0.8984 0.9858 0.9998 1 1 1 1 1 1 1 1 1 1 1 1 1 1 1 1 1 1 1 1 1 1 1 1 1 1 1 1 1 1 1 1 1 1 1 1 1 1 1 1 1 1 1 1 1 1 1 1 1 1 1 1 1 1 1 1 1 1 1 1 1 1 1 1 1 1 1 1 1 1 1 1 1 1 1 1 1 1 1 1 1 1 1 1 1 1 1 1 1 1 1 1 1 1 1 1 1 1 1 1 1 1 1 1 1 1 1 1 1 1 1 1 1 1 1 1 1 1 1 1 1 1 1 1 1 1 1 1 1 1 1 1 1 1 1 1 1 1 1 1 1 1 1 1 1 1 1 1 1 1 1 1 1 1 1 1 1 1 1 1 1 1 1 1 1 1 1 1 1 1 1 1 1 1 1 1 1 
0.0192 0.0218 0.0324 0.033 0.0054 0.0144 0.033 0.0304 0.0564 0.2602 0.0434 0.5786 0.8014 0.9214 0.9816 0.9982 1 1 1 1 1 1 1 1 1 1 1 1 1 1 1 1 1 1 1 1 1 1 1 1 1 1 1 1 1 1 1 1 1 1 1 1 1 1 1 1 1 1 1 1 1 1 1 1 1 1 1 1 1 1 1 1 1 1 1 1 1 1 1 1 1 1 1 1 1 1 1 1 1 1 1 1 1 1 1 1 1 1 1 1 1 1 1 1 1 1 1 1 1 1 1 1 1 1 1 1 1 1 1 1 1 1 1 1 1 1 1 1 1 1 1 1 1 1 1 1 1 1 1 1 1 1 1 1 1 1 1 1 1 1 1 1 1 1 1 1 1 1 1 1 1 1 1 1 1 1 1 1 1 1 1 1 1 1 1 1 1 1 1 1 1 1 1 1 1 1 1 1 1 1 1 1 1 1 1 1 1 1 1 1 
0.0056 0.0014 0.0018 0.0064 0.0046 0.0354 0.0426 0.0856 0.087 0.0948 0.0966 0.1002 0.1006 0.1068 0.106 0.1092 0.3178 0.5732 0.821 0.9716 0.9992 1 1 1 1 1 1 1 1 1 1 1 1 1 1 1 1 1 1 1 1 1 1 1 1 1 1 1 1 1 1 1 1 1 1 1 1 1 1 1 1 1 1 1 1 1 1 1 1 1 1 1 1 1 1 1 1 1 1 1 1 1 1 1 1 1 1 1 1 1 1 1 1 1 1 1 1 1 1 1 1 1 1 1 1 1 1 1 1 1 1 1 1 1 1 1 1 1 1 1 1 1 1 1 1 1 1 1 1 1 1 1 1 1 1 1 1 1 1 1 1 1 1 1 1 1 1 1 1 1 1 1 1 1 1 1 1 1 1 1 1 1 1 1 1 1 1 1 1 1 1 1 1 1 1 1 1 1 1 1 1 1 1 1 1 1 1 1 1 1 1 1 1 1 1 1 1 1 1 1 
0.008 0.0092 0.0116 0.0334 0.0288 0.03 0.0324 0.0558 0.054 0.0496 0.05 0.0864 0.1254 0.3102 0.6354 0.6166 0.8834 0.9742 0.9994 1 1 1 1 1 1 1 1 1 1 1 1 1 1 1 1 1 1 1 1 1 1 1 1 1 1 1 1 1 1 1 1 1 1 1 1 1 1 1 1 1 1 1 1 1 1 1 1 1 1 1 1 1 1 1 1 1 1 1 1 1 1 1 1 1 1 1 1 1 1 1 1 1 1 1 1 1 1 1 1 1 1 1 1 1 1 1 1 1 1 1 1 1 1 1 1 1 1 1 1 1 1 1 1 1 1 1 1 1 1 1 1 1 1 1 1 1 1 1 1 1 1 1 1 1 1 1 1 1 1 1 1 1 1 1 1 1 1 1 1 1 1 1 1 1 1 1 1 1 1 1 1 1 1 1 1 1 1 1 1 1 1 1 1 1 1 1 1 1 1 1 1 1 1 1 1 1 1 1 1 1 
0 0.0018 0.0044 0.0588 0.0596 0.061 0.0504 0.0506 0.0538 0.0844 0.0834 0.087 0.0798 0.1016 0.0604 0.0602 0.276 0.4626 0.461 0.6484 0.7948 0.8988 0.96 0.9948 1 1 1 1 1 1 1 1 1 1 1 1 1 1 1 1 1 1 1 1 1 1 1 1 1 1 1 1 1 1 1 1 1 1 1 1 1 1 1 1 1 1 1 1 1 1 1 1 1 1 1 1 1 1 1 1 1 1 1 1 1 1 1 1 1 1 1 1 1 1 1 1 1 1 1 1 1 1 1 1 1 1 1 1 1 1 1 1 1 1 1 1 0.9996 1 1 1 1 1 1 1 1 1 1 1 1 1 1 1 1 1 1 1 1 1 1 1 1 1 1 1 1 1 1 1 1 1 1 1 1 1 1 1 1 1 1 1 1 1 1 1 1 1 1 1 1 1 1 1 1 1 1 1 1 1 1 1 1 1 1 1 1 1 1 1 1 1 1 1 1 1 1 1 1 1 1 1 
0.015 0.0172 0.0088 0.0094 0.0028 0.014 0.0136 0.0336 0.096 0.101 0.1918 0.365 0.3682 0.5614 0.781 0.939 0.9952 1 1 0.9998 1 1 1 1 1 1 1 1 1 1 1 1 1 1 1 1 1 1 1 1 0.9998 1 1 1 1 1 1 1 1 1 1 1 1 1 1 1 1 1 1 1 1 1 1 1 1 1 1 1 1 1 1 1 1 1 1 1 1 1 1 1 1 1 1 1 1 1 1 1 0.9998 1 1 1 1 1 1 1 1 1 1 1 1 1 0.9998 1 1 1 1 1 1 1 1 1 1 1 1 1 1 1 1 1 0.9998 1 1 1 1 1 0.9998 1 1 1 1 1 1 1 1 1 1 0.9998 1 1 1 1 1 0.9998 1 1 0.9998 1 1 1 0.9998 1 1 1 0.9998 1 1 1 1 1 1 1 1 1 0.9998 1 1 0.9998 1 1 1 1 1 1 1 1 1 1 1 1 1 1 1 1 1 1 1 0.9998 1 1 1 1 0.9998 1 1 1 1 1 1 1 
0.0086 0.0048 0.0212 0.0244 0.0372 0.0542 0.0508 0.0436 0.0584 0.0634 0.0692 0.0172 0.0218 0.0142 0.0144 0.0136 0.1892 0.1836 0.168 0.4004 0.582 0.7994 0.807 0.8078 0.9418 0.9916 0.9996 1 0.9998 1 1 1 1 1 0.9998 1 1 0.9998 0.9998 1 1 1 0.9998 1 1 0.9998 1 0.9998 0.9998 0.9998 1 1 1 1 1 0.9998 0.9998 1 1 1 1 1 1 0.9998 1 1 1 1 1 1 1 0.9998 0.9998 0.9998 0.9998 1 1 1 1 1 1 1 0.9996 0.9998 0.9998 1 1 0.9998 1 0.9998 1 0.9998 0.9998 0.9998 1 1 1 0.9996 1 1 1 1 0.9996 1 1 1 1 1 0.9998 1 0.9998 1 1 0.9998 1 1 1 1 0.9998 1 0.9998 1 0.9998 1 1 1 1 1 1 1 1 1 1 0.9998 1 1 0.9998 1 0.9998 1 1 0.9996 1 1 1 1 1 1 0.9998 0.9998 1 0.9998 0.9998 0.9998 1 0.9998 1 1 1 0.9996 0.9998 1 1 1 0.9998 1 0.9998 1 1 1 1 1 0.9996 0.9998 0.9998 0.9998 1 0.9998 1 0.9996 0.9998 1 1 0.9996 1 0.9996 1 0.9998 0.9998 1 1 1 1 0.9996 1 1 1 0.9998 0.9998 1 
0.0024 0.0018 0.0052 0.0018 0.0052 0.0056 0.004 0.0038 0.0192 0.0164 0.0202 0.0876 0.083 0.077 0.0772 0.0778 0.0948 0.0906 0.0838 0.0744 0.0588 0.0584 0.0578 0.1688 0.173 0.1736 0.1738 0.1938 0.1984 0.2498 0.2362 0.2934 0.1278 0.5028 0.775 0.9456 0.9934 0.9994 0.9998 0.9998 1 1 0.9996 0.9998 1 0.9998 1 0.9998 0.9996 0.9998 1 1 1 0.9998 0.9998 1 1 1 0.9998 0.9998 0.9996 0.9994 0.9994 0.9998 0.9998 0.9996 0.9998 1 1 1 1 1 0.9998 1 1 0.9996 1 0.9998 0.9994 0.9996 0.9996 0.9998 1 0.9998 1 1 1 1 1 0.9998 1 0.9998 0.9998 0.9996 1 0.9996 0.9998 1 0.9992 1 0.9992 1 1 0.9998 0.9996 1 0.9998 1 1 0.9992 0.9998 1 0.9996 1 0.9996 0.9996 0.9996 1 1 1 1 0.9998 0.9996 0.9998 0.9998 1 1 0.9998 1 0.9996 1 0.9998 1 0.9996 1 0.9998 0.9998 1 0.9992 0.9998 1 0.9998 0.9998 1 0.9998 1 0.9998 0.9998 0.9998 1 0.9996 0.9998 1 0.9998 0.9998 1 0.9996 0.9998 0.9996 0.9996 1 0.9998 0.9992 0.9998 0.9998 0.9998 1 1 1 1 1 1 0.9996 1 0.9996 0.9996 1 0.9994 1 1 0.9998 1 0.9996 0.9998 0.9996 0.9998 0.9998 0.9996 1 0.9998 1 0.9996 1 1 0.999 0.9998 1 0.9998 1 0.9998 
0.0176 0.0178 0.017 0.0192 0.0126 0.0062 0.007 0.0102 0.0084 0.0254 0.0096 0.0082 0.0084 0.011 0.0136 0.0132 0.0194 0.0236 0.031 0.0318 0.0278 0.0306 0.0304 0.0362 0.0352 0.0356 0.0378 0.0376 0.0378 0.0376 0.036 0.038 0.0418 0.0416 0.0838 0.0558 0.0548 0.0466 0.0526 0.0456 0.0454 0.0292 0.033 0.0334 0.0372 0.0386 0.0268 0.026 0.025 0.0912 0.1074 0.1008 0.0952 0.0978 0.098 0.1362 0.1196 0.1194 0.1196 0.3718 0.3724 0.3766 0.6634 0.8996 0.8994 0.9846 0.9984 0.9998 0.9996 0.9994 0.9998 1 0.9996 0.9992 1 0.9996 0.9994 0.9994 0.9996 0.9996 0.999 0.9996 0.9994 0.9994 0.999 0.9994 0.9998 0.9998 0.9998 0.9996 0.9996 0.9992 1 0.9996 1 0.9994 0.9996 0.9994 0.9992 0.9996 0.999 0.9998 0.9988 0.9996 0.9996 0.999 0.9994 0.9992 0.9996 0.9994 0.9994 0.9988 0.9998 0.9992 0.9996 1 0.9992 1 0.9998 0.9998 0.9992 0.9994 0.9998 0.9998 0.9996 0.9992 0.9998 0.9996 0.9998 0.9996 1 0.9996 0.9998 0.9996 0.9998 0.999 0.9996 0.9994 0.9996 0.9986 0.9992 1 1 0.9996 0.9996 0.9998 0.9996 0.9998 0.9994 0.999 0.9988 0.9992 0.9998 0.9996 0.9996 0.9998 0.9998 0.9996 0.9998 0.9996 0.9998 0.9996 0.9994 0.9992 0.9994 0.9998 0.9994 0.9996 0.9992 0.9998 0.9992 0.9994 1 0.9996 1 0.9992 0.9998 0.9992 0.9996 1 0.9984 0.9998 0.9996 0.9992 0.9992 0.9996 0.9994 0.9998 0.9994 0.9996 0.9992 0.9998 0.9988 0.9998 0.9994 0.9998 0.999 0.9996 1 0.9988 
0.0032 0.0026 0.0018 0.004 0.0034 0.0074 0.0056 0.003 0.002 0.0046 0.0048 0.0134 0.0128 0.0096 0.022 0.0206 0.0196 0.0208 0.0354 0.04 0.044 0.0446 0.0442 0.0372 0.0608 0.061 0.0572 0.0646 0.0626 0.0642 0.0702 0.0636 0.0356 0.0344 0.066 0.0636 0.159 0.164 0.1638 0.0452 0.0456 0.0448 0.0458 0.0428 0.3382 0.5412 0.821 0.9588 0.994 0.999 0.9992 0.9978 0.9994 0.999 0.9996 0.9996 0.9988 1 0.9978 0.9986 0.9984 0.9994 0.9982 0.999 0.9988 0.9994 0.999 0.9984 0.9984 0.9992 0.9982 0.9986 0.9988 0.9982 0.9988 0.999 0.9996 0.9992 0.9984 0.999 0.9994 0.9994 0.9994 0.9986 0.9992 0.999 0.999 0.9984 0.999 0.9992 0.9988 0.9992 0.9994 0.9994 0.999 0.9992 0.9986 0.9986 0.9996 0.9982 0.9994 0.998 0.9992 0.999 0.9986 0.9992 0.9986 0.998 0.9986 0.9992 0.9988 0.9996 0.9992 0.9986 0.9996 0.9988 0.9988 0.9998 0.9992 0.9992 0.9992 0.9994 0.9992 0.9994 0.9988 0.9986 0.9988 0.9988 0.9982 0.999 0.9988 0.999 0.9988 0.9994 0.9994 0.9996 0.9994 0.9982 0.9988 0.9986 0.9986 0.999 0.999 0.9996 0.9988 0.9994 0.9978 0.9994 0.9988 0.9978 0.9994 0.999 0.9986 0.999 0.9984 0.9994 0.9994 0.9992 0.9992 0.9992 0.999 0.9992 0.9988 0.9992 0.9988 0.9972 0.9986 0.999 0.9994 0.9988 0.999 0.9998 0.9992 0.9992 0.999 0.9994 0.9984 0.9984 0.9994 0.9982 0.999 0.9998 0.999 0.999 0.999 0.9988 0.9994 0.9992 0.9996 0.9988 0.9996 0.9992 0.9984 0.9994 0.9984 0.999 0.999 0.999 0.9984 0.9994 
0.0122 0.005 0.0008 0.0004 0.0018 0.0014 0.0022 0.0014 0.0018 0.004 0.0118 0.0222 0.02 0.0294 0.0296 0.0076 0.0062 0.0442 0.0396 0.0412 0.0414 0.0374 0.0582 0.0506 0.0552 0.0612 0.0208 0.0274 0.0352 0.0338 0.086 0.0816 0.0062 0.0558 0.057 0.0314 0.1036 0.1134 0.2394 0.214 0.3152 0.3182 0.5378 0.5368 0.5366 0.793 0.931 0.9862 0.998 0.997 0.9968 0.9974 0.9984 0.997 0.9976 0.9976 0.999 0.9984 0.9974 0.9972 0.9982 0.9984 0.9974 0.9982 0.9986 0.9978 0.9974 0.9974 0.9974 0.9982 0.9984 0.9972 0.9984 0.9968 0.9974 0.998 0.9994 0.999 0.9964 0.9988 0.998 0.9976 0.9978 0.9982 0.9978 0.9978 0.9972 0.9976 0.997 0.998 0.9976 0.9988 0.9984 0.9988 0.998 0.9984 0.9986 0.9976 0.9982 0.999 0.9994 0.9972 0.9978 0.9984 0.9976 0.9982 0.9974 0.9976 0.9978 0.997 0.997 0.9972 0.9982 0.9966 0.999 0.999 0.9978 0.9978 0.998 0.998 0.9984 0.9974 0.9964 0.9982 0.999 0.9982 0.9976 0.9978 0.9988 0.9978 0.9982 0.9962 0.9992 0.9964 0.9986 0.9966 0.9976 0.9974 0.9974 0.9974 0.9986 0.9982 0.999 0.9984 0.9978 0.9974 0.9982 0.9978 0.9972 0.9978 0.9994 0.9972 0.9982 0.9982 0.9978 0.9982 0.9968 0.997 0.9984 0.997 0.997 0.9976 0.998 0.9988 0.9986 0.9966 0.9976 0.9968 0.9984 0.9976 0.999 0.9968 0.997 0.9982 0.9984 0.9984 0.9976 0.9974 0.9988 0.9984 0.9988 0.9982 0.9984 0.9984 0.9976 0.9982 0.9986 0.9984 0.9986 0.998 0.996 0.9966 0.9982 0.9982 0.9982 0.9988 0.9982 0.9964 0.9976 0.999 
0.0136 0.0164 0.0172 0.0162 0.0168 0.011 0.0184 0.0186 0.0166 0.0152 0.0154 0.0152 0.0154 0.0156 0.0262 0.0306 0.0246 0.0174 0.019 0.0188 0.0128 0.0228 0.0224 0.0226 0.0202 0.019 0.0196 0.0376 0.0368 0.02 0.0002 0.0468 0.0396 0.042 0.0408 0.0458 0.0372 0.0334 0.0326 0.0306 0.0304 0.033 0.0082 0.1018 0.102 0.1018 0.0996 0.0998 0.0958 0.0952 0.143 0.146 0.1458 0.147 0.2386 0.3432 0.4482 0.5994 0.7278 0.8448 0.9226 0.9698 0.9922 0.9968 0.9956 0.9948 0.9964 0.996 0.9954 0.9934 0.9966 0.9962 0.997 0.996 0.9954 0.995 0.9972 0.997 0.9952 0.997 0.996 0.9962 0.997 0.9958 0.9948 0.996 0.9964 0.9958 0.9974 0.9978 0.9952 0.9958 0.9938 0.996 0.9962 0.9968 0.9958 0.9956 0.9966 0.9956 0.9948 0.9964 0.997 0.9964 0.9976 0.9986 0.997 0.997 0.9968 0.9962 0.9958 0.9964 0.9968 0.996 0.9976 0.997 0.9976 0.9972 0.9966 0.9962 0.9952 0.996 0.9966 0.9966 0.9952 0.996 0.9954 0.9968 0.9956 0.9974 0.997 0.9968 0.9946 0.9956 0.9964 0.9956 0.9964 0.9944 0.997 0.9948 0.9952 0.9964 0.9956 0.9964 0.9964 0.9964 0.9954 0.9962 0.9974 0.9982 0.9966 0.9966 0.9954 0.9974 0.9968 0.9972 0.9974 0.9958 0.9966 0.9964 0.9952 0.9962 0.9958 0.996 0.9964 0.9974 0.9968 0.9962 0.9966 0.9972 0.9944 0.998 0.9944 0.9972 0.9974 0.9954 0.9942 0.9966 0.9952 0.997 0.9966 0.9958 0.9982 0.998 0.9958 0.997 0.9968 0.997 0.9948 0.9968 0.9974 0.997 0.9982 0.9964 0.997 0.996 0.9966 0.9976 0.9958 0.9972 
0.0208 0.0222 0.021 0.0268 0.0274 0.024 0.0392 0.035 0.0354 0.0258 0.0276 0.0374 0.041 0.0512 0.0482 0.0478 0.0512 0.0516 0.0814 0.0822 0.0834 0.0844 0.0854 0.0886 0.0892 0.0956 0.0958 0.0966 0.0862 0.086 0.0904 0.0892 0.0894 0.0916 0.0284 0.0664 0.066 0.0972 0.1824 0.221 0.3154 0.316 0.432 0.4324 0.584 0.6902 0.6884 0.8012 0.8824 0.928 0.9678 0.9858 0.9924 0.9938 0.9938 0.9942 0.995 0.9962 0.9932 0.9942 0.9952 0.994 0.9932 0.9948 0.9932 0.9952 0.9938 0.995 0.9948 0.994 0.995 0.9942 0.9928 0.993 0.9958 0.9952 0.994 0.9952 0.9928 0.9936 0.9968 0.9964 0.9954 0.9964 0.9932 0.9946 0.992 0.9936 0.995 0.9962 0.9956 0.9942 0.9934 0.9958 0.9922 0.9946 0.9934 0.9932 0.9948 0.9958 0.9954 0.9952 0.994 0.9946 0.995 0.994 0.9938 0.9954 0.9934 0.9942 0.9934 0.9944 0.9928 0.9952 0.9928 0.9922 0.9936 0.9916 0.993 0.9922 0.996 0.9946 0.9948 0.9962 0.9946 0.9924 0.9938 0.9946 0.9948 0.9916 0.9946 0.9946 0.9932 0.994 0.9952 0.9942 0.9954 0.9948 0.9958 0.9968 0.993 0.9934 0.9936 0.9934 0.9928 0.9924 0.9952 0.995 0.9932 0.9938 0.9938 0.9942 0.993 0.9938 0.9952 0.9954 0.994 0.995 0.994 0.9938 0.995 0.9918 0.9942 0.995 0.9946 0.9944 0.9944 0.9946 0.993 0.9954 0.9938 0.9936 0.9956 0.9938 0.992 0.9928 0.9952 0.9936 0.9918 0.9964 0.9972 0.995 0.9956 0.9946 0.9946 0.9938 0.995 0.9948 0.9936 0.9966 0.9944 0.9946 0.9944 0.9944 0.9956 0.9942 0.9952 0.9944 0.9926 0.9954 
0.0042 0.0036 0.0052 0.0048 0.0014 0.0024 0.0004 0.0042 0.0064 0.0066 0.0086 0.0108 0.0106 0.022 0.0318 0.0264 0.0058 0.0054 0.005 0.0034 0.0032 0.0038 0.0036 0.0808 0.0694 0.0688 0.1622 0.162 0.1472 0.2062 0.2058 0.2038 0.0942 0.3054 0.3046 0.2992 0.3006 0.303 0.3822 0.3854 0.5124 0.6086 0.6122 0.6242 0.7152 0.7144 0.7152 0.803 0.8926 0.9462 0.9778 0.9844 0.9916 0.9928 0.9932 0.9892 0.9918 0.9926 0.992 0.9884 0.993 0.9886 0.9916 0.9916 0.9926 0.9908 0.991 0.9894 0.9932 0.989 0.9908 0.9932 0.992 0.991 0.9916 0.9896 0.987 0.9918 0.991 0.9942 0.9916 0.9888 0.9912 0.9902 0.9902 0.9884 0.99 0.9926 0.9932 0.9914 0.9896 0.9928 0.9918 0.9884 0.9894 0.9898 0.9926 0.991 0.9934 0.9938 0.9918 0.9932 0.9914 0.991 0.9894 0.9904 0.9918 0.9918 0.9918 0.9898 0.9932 0.9912 0.9924 0.991 0.9914 0.9916 0.993 0.9876 0.9922 0.9886 0.9912 0.9954 0.9928 0.9912 0.9888 0.9908 0.9908 0.995 0.9914 0.992 0.9898 0.9914 0.9906 0.9904 0.9916 0.9926 0.9938 0.9912 0.993 0.9886 0.9926 0.9912 0.9932 0.991 0.9894 0.9854 0.9892 0.9916 0.9898 0.991 0.9938 0.9936 0.9896 0.9926 0.9894 0.9918 0.993 0.9926 0.9928 0.9934 0.9896 0.9892 0.993 0.9924 0.9938 0.9902 0.9912 0.9912 0.9926 0.9922 0.9894 0.9902 0.9888 0.9904 0.9926 0.9938 0.9926 0.9938 0.9906 0.9908 0.9902 0.992 0.9912 0.9912 0.9916 0.9918 0.9902 0.9934 0.9916 0.9904 0.9908 0.9916 0.9918 0.9908 0.9878 0.9936 0.9908 0.9894 0.9918 0.993 
0.0048 0.0046 0.0004 0.0002 0.0076 0.0132 0.016 0.0002 0.0004 0.0064 0.0092 0.01 0.012 0.0028 0.0022 0.0012 0.0006 0.0004 0.003 0.007 0.0036 0.0018 0.0026 0.0038 0.0052 0.0066 0.0036 0.0048 0.0028 0.0036 0.005 0.0046 0.0048 0.0082 0.0068 0.0002 0.004 0.0048 0.0058 0.0004 0.0072 0.0112 0.0106 0.0054 0.007 0.0026 0.0028 0.0024 0.008 0.0084 0.04 0.045 0.0432 0.0444 0.0376 0.0378 0.05 0.0504 0.0526 0.0464 0.0626 0.0636 0.0634 0.063 0.0772 0.0022 0.0028 0.0032 0.0028 0.0024 0.0048 0.009 0.0064 0.0276 0.0256 0.0258 0.025 0.0242 0.0026 0.029 0.0306 0.1042 0.1322 0.1396 0.1378 0.1388 0.1384 0.134 0.1352 0.1354 0.1362 0.126 0.1232 0.1296 0.129 0.1288 0.0836 0.1026 0.1372 0.122 0.1246 0.0794 0.0804 0.099 0.1456 0.0946 0.2886 0.6086 0.6092 0.608 0.6082 0.7646 0.9044 0.9662 0.9806 0.9862 0.9884 0.9886 0.9876 0.9888 0.986 0.9884 0.988 0.9882 0.9876 0.9858 0.987 0.9808 0.9872 0.9868 0.9828 0.985 0.9862 0.9842 0.9886 0.985 0.9882 0.989 0.9864 0.9892 0.9876 0.9834 0.9866 0.988 0.9874 0.9864 0.9896 0.9866 0.9896 0.985 0.986 0.9862 0.9878 0.9822 0.9864 0.9842 0.9872 0.9884 0.9878 0.9862 0.9888 0.99 0.9842 0.9858 0.9868 0.9858 0.9892 0.986 0.989 0.9888 0.9884 0.985 0.9878 0.9886 0.9896 0.9884 0.986 0.9858 0.9854 0.9848 0.9886 0.9848 0.9878 0.9874 0.9868 0.9864 0.9864 0.987 0.9884 0.9846 0.9878 0.9886 0.9894 0.9842 0.9852 0.9894 0.9912 0.9872 0.9832 0.9842 
0.0082 0.0084 0.0048 0.0046 0.0034 0.0016 0.002 0.0132 0.013 0.0104 0.011 0.0052 0.0028 0.0064 0.0044 0.0102 0.0042 0.0066 0.0102 0.0122 0.0124 0.0114 0.0132 0.0148 0.0146 0.0158 0.0172 0.0178 0.0166 0.0142 0.0156 0.0158 0.0182 0.012 0.0126 0.0172 0.0182 0.0176 0.0154 0.0152 0.0046 0.0032 0.0144 0.0146 0.014 0.0144 0.0186 0.0188 0.0186 0.014 0.0144 0.0138 0.0006 0.0016 0.0018 0.0152 0.016 0.0216 0.0208 0.0216 0.016 0.0112 0.0106 0.0088 0.02 0.019 0.0192 0.0202 0.019 0.0198 0.006 0.0322 0.0312 0.0316 0.0318 0.032 0.038 0.036 0.0352 0.035 0.0364 0.034 0.0406 0.041 0.0342 0.034 0.031 0.0252 0.0266 0.0264 0.028 0.0282 0.0276 0.0282 0.0268 0.026 0.0268 0.0198 0.0002 0.0006 0.0314 0.0316 0.0332 0.0364 0.0372 0.039 0.0478 0.048 0.0462 0.0148 0.014 0.0134 0.0122 0.001 0.0018 0.002 0.0144 0.0146 0.0174 0.0172 0.133 0.1326 0.1238 0.1192 0.116 0.142 0.1434 0.1452 0.1454 0.1452 0.146 0.1458 0.1498 0.0262 0.026 0.0764 0.0752 0.075 0.071 0.2402 0.2394 0.238 0.3424 0.152 0.4402 0.4276 0.4328 0.336 0.5888 0.7816 0.9066 0.968 0.975 0.9782 0.979 0.9804 0.9802 0.9852 0.9804 0.9814 0.983 0.982 0.9788 0.9752 0.982 0.9756 0.9822 0.976 0.9846 0.9776 0.9826 0.9778 0.9768 0.98 0.9824 0.9734 0.9808 0.9822 0.9776 0.9854 0.9856 0.9808 0.9796 0.98 0.9794 0.9786 0.98 0.9778 0.978 0.986 0.98 0.9796 0.9784 0.9826 0.9756 0.9814 0.9764 0.977 0.9832 0.9808 
0.0058 0.0062 0.0066 0.007 0.0076 0.0032 0.003 0.0028 0.003 0.0176 0.0238 0.023 0.024 0.0286 0.0282 0.0272 0.0268 0.0136 0.0128 0.0404 0.0406 0.0416 0.042 0.043 0.0416 0.0384 0.0394 0.0376 0.0362 0.0358 0.0348 0.0328 0.033 0.0344 0.036 0.0364 0.0382 0.0374 0.058 0.0894 0.0884 0.0874 0.1332 0.1682 0.1698 0.1688 0.1604 0.177 0.1834 0.182 0.2026 0.2264 0.2256 0.275 0.273 0.3362 0.4024 0.4708 0.539 0.6068 0.6766 0.7704 0.8084 0.8688 0.9188 0.9538 0.9672 0.9724 0.9706 0.975 0.9704 0.9714 0.9738 0.9732 0.97 0.9746 0.9718 0.9688 0.9766 0.9736 0.977 0.9702 0.9776 0.9672 0.9744 0.9688 0.9742 0.9722 0.9728 0.9724 0.9742 0.9694 0.9728 0.9728 0.9732 0.9756 0.9772 0.9754 0.969 0.975 0.972 0.9718 0.9712 0.9768 0.9686 0.9744 0.9722 0.9714 0.9764 0.977 0.9702 0.9726 0.9754 0.9692 0.9684 0.9764 0.9768 0.9762 0.977 0.9726 0.9758 0.9756 0.9726 0.9732 0.9678 0.9758 0.966 0.974 0.9718 0.9716 0.9708 0.972 0.9712 0.9738 0.9694 0.9702 0.9748 0.9768 0.9802 0.9726 0.9716 0.9758 0.9762 0.9722 0.9738 0.9686 0.9714 0.9754 0.9718 0.9686 0.9684 0.9732 0.969 0.9738 0.9804 0.972 0.9704 0.9798 0.9734 0.9722 0.9678 0.974 0.9712 0.971 0.9734 0.9652 0.9734 0.9786 0.9698 0.976 0.9722 0.9812 0.9814 0.9748 0.9712 0.9648 0.9724 0.9762 0.974 0.9694 0.9742 0.972 0.9774 0.977 0.9764 0.9776 0.9776 0.9744 0.9728 0.9738 0.973 0.976 0.9788 0.9716 0.975 0.9744 0.974 0.9728 0.9726 0.9714 
0.0026 0.003 0.0046 0.0018 0.0004 0 0.0014 0.0028 0.0034 0.0046 0.0044 0.0002 0.0012 0.0008 0.0012 0.002 0.0014 0.001 0.0018 0.0014 0.002 0 0.0014 0.0014 0.0022 0.0016 0.0018 0.002 0.0032 0.003 0.005 0.0026 0.001 0.0038 0.0058 0.0068 0.0048 0.001 0.0012 0.001 0.001 0.0036 0.0026 0.0028 0.0012 0.0094 0.0096 0.013 0.0144 0.012 0.0018 0.0016 0.0048 0.0042 0.0044 0.0066 0.01 0.025 0.023 0.0228 0.0226 0.0082 0.0084 0.0098 0.01 0.0076 0.0072 0.004 0.0022 0.0024 0.0026 0.0024 0.0098 0.0074 0.013 0.0116 0.0118 0.001 0.0004 0.032 0.0392 0.0336 0.0306 0.0314 0.0326 0.0078 0.0076 0.0014 0.0016 0.0038 0.0064 0.015 0.0034 0.0008 0.0138 0.014 0.0168 0.0172 0.0162 0.0134 0.0156 0.0138 0.012 0.0324 0.0304 0.029 0.0306 0.0494 0.0492 0.0406 0.0388 0.0394 0.0392 0.039 0.0384 0.0382 0.0366 0.0328 0.0344 0.0352 0.0362 0.036 0.0322 0.032 0.0372 0.021 0.0208 0.0186 0.0068 0.0088 0.0082 0.0084 0.0082 0.0128 0.0132 0.0178 0.0172 0.019 0.0096 0.01 0.0104 0.0114 0.001 0.0634 0.0758 0.0534 0.0716 0.0728 0.079 0.0768 0.1748 0.1398 0.14 0.1414 0.3558 0.3666 0.5554 0.634 0.7624 0.816 0.9004 0.9248 0.9428 0.957 0.9704 0.9554 0.9614 0.9606 0.9614 0.9666 0.9636 0.969 0.9622 0.9642 0.9632 0.9638 0.9646 0.9622 0.9716 0.967 0.9598 0.9628 0.968 0.9628 0.9578 0.96 0.964 0.9618 0.9594 0.958 0.9618 0.9626 0.9636 0.9638 0.9644 0.9612 0.9708 0.9706 0.9588 0.9656 
0.0086 0.0088 0.01 0.0086 0.0054 0.0064 0.0046 0.0058 0.0054 0.01 0.0112 0.0118 0.0106 0.01 0.009 0.0042 0.0048 0.0046 0.0048 0.0034 0.0066 0.0084 0.015 0.0196 0.02 0.0166 0.0178 0.019 0.0214 0.0216 0.015 0.0146 0.0136 0.0132 0.015 0.014 0.0136 0.006 0.0068 0.007 0.0088 0.0084 0.0076 0.0078 0.004 0.0032 0.0026 0.0022 0.001 0.0026 0.0066 0.0084 0.0082 0.0098 0.0092 0.017 0.0132 0.0128 0.016 0.0204 0.0208 0.021 0.0208 0.025 0.0236 0.0228 0.0232 0.0136 0.0152 0.0146 0.0138 0.013 0.0124 0.0084 0.003 0.004 0.0044 0.0034 0.0006 0.0004 0.0004 0.0012 0.002 0.0024 0.0026 0.004 0.0032 0.0052 0.0002 0.0004 0.0004 0.002 0.0018 0.0116 0.0118 0.011 0.0112 0.011 0.0126 0.0124 0.002 0.0032 0.0022 0.002 0.0022 0.0042 0.0038 0.005 0.0048 0.0042 0.0044 0.0046 0.0068 0.0094 0.0062 0.0012 0.0216 0.0212 0.0204 0.0186 0.0184 0.0178 0.0174 0.018 0.0176 0.014 0.0122 0.0416 0.0208 0.0416 0.0396 0.03 0.0014 0.0094 0.011 0.0708 0.088 0.0872 0.0936 0.0944 0.0912 0.091 0.0904 0.1052 0.105 0.1048 0.1028 0.104 0.1038 0.1036 0.106 0.1054 0.106 0.1598 0.149 0.1488 0.1516 0.0854 0.0858 0.0318 0.0544 0.043 0.044 0.0446 0.1618 0.1612 0.1598 0.1564 0.1582 0.1584 0.0704 0.0692 0.0716 0.0718 0.2338 0.2342 0.2534 0.256 0.2786 0.1882 0.224 0.2222 0.2432 0.2426 0.1136 0.4246 0.4232 0.4224 0.1068 0.105 0.1034 0.1024 0.1006 0.5686 0.5696 0.658 0.7458 0.8296 0.83 0.8294 
0.0004 0.0022 0.0024 0.0026 0.0022 0.0014 0.0016 0.0008 0.0002 0.0004 0.002 0.0018 0.009 0.0096 0.0098 0.0086 0.0078 0.0048 0.0062 0.0064 0.0062 0.0038 0.0032 0.0008 0.0022 0.0024 0.0022 0.0032 0.0042 0.002 0.0008 0.0006 0.0002 0.0012 0.0002 0.0026 0.0036 0.003 0.0034 0.0022 0.0012 0.0008 0.0012 0.0002 0.0006 0.0016 0.0004 0.0006 0.001 0.0018 0.0016 0.0014 0.0012 0.0016 0.004 0.0028 0.005 0.008 0.0076 0.0116 0.0124 0.0282 0.028 0.0282 0.0292 0.032 0.0312 0.0314 0.0302 0.0346 0.0348 0.0388 0.0368 0.035 0.0332 0.0316 0.0312 0.0314 0.0316 0.0332 0.0342 0.0352 0.0342 0.031 0.0308 0.0022 0.0084 0.0082 0.0102 0.0092 0.0028 0.0026 0.003 0.0052 0.0044 0.005 0.0052 0.0064 0.009 0.0082 0.0072 0.0096 0.0092 0.0108 0.0104 0.0094 0.012 0.0132 0.0138 0.0132 0.0124 0.016 0.0148 0.0214 0.0206 0.0146 0.014 0.0142 0.014 0.0194 0.0188 0.015 0.0152 0.0176 0.0184 0.0192 0.0194 0.0228 0.0234 0.0236 0.0224 0.037 0.0372 0.0364 0.0358 0.0428 0.043 0.0514 0.0528 0.053 0.0538 0.058 0.0582 0.059 0.0612 0.0614 0.0036 0.0078 0.01 0.083 0.0832 0.0822 0.0826 0.0754 0.066 0.0684 0.0682 0.0684 0.0676 0.0682 0.0704 0.0706 0.0708 0.071 0.0776 0.0774 0.0782 0.0784 0.0936 0.094 0.1066 0.104 0.103 0.0826 0.1664 0.198 0.2082 0.2114 0.2128 0.1986 0.1966 0.1968 0.1982 0.2388 0.239 0.2388 0.2396 0.23 0.2312 0.2408 0.1442 0.337 0.3364 0.322 0.336 0.279 0.282 0.2804 0.2802 0.2834 
0.0144 0.0174 0.0204 0.0172 0.018 0.0168 0.0166 0.013 0.0128 0.0114 0.011 0.0112 0.0102 0.0044 0.0046 0.0014 0.0012 0.0002 0.0006 0.001 0.0106 0.01 0.0096 0.0102 0.0108 0.0118 0.0134 0.0156 0.018 0.0174 0.0148 0.0142 0.0168 0.0186 0.0234 0.0182 0.018 0.0182 0.0196 0.0224 0.0226 0.025 0.0256 0.0234 0.0216 0.0214 0.021 0.018 0.0154 0.0144 0.005 0.0016 0.0044 0.0026 0.0028 0.008 0.0082 0.0116 0.0128 0.0126 0.0132 0.0136 0.013 0.0136 0.0164 0.016 0.0302 0.0312 0.0318 0.0314 0.0318 0.0326 0.0324 0.0328 0.0174 0.015 0.0166 0.017 0.016 0.0144 0.0016 0.0022 0.0038 0.004 0.0142 0.0086 0.0074 0.0072 0.005 0.004 0.005 0.0048 0.0064 0.0082 0.0084 0.0114 0.0112 0.0074 0.0058 0.0078 0.0064 0.0068 0.007 0.008 0.009 0.0098 0.0108 0.0156 0.0158 0.0482 0.0468 0.0464 0.0222 0.0204 0.0216 0.0218 0.0214 0.0172 0.0166 0.0184 0.017 0.0244 0.025 0.0538 0.0562 0.057 0.0568 0.0554 0.0498 0.0486 0.0494 0.0508 0.0496 0.0478 0.047 0.0478 0.0508 0.05 0.0124 0.0136 0.019 0.0212 0.0214 0.031 0.0326 0.032 0.0328 0.0502 0.0476 0.0206 0.0718 0.0688 0.0702 0.0708 0.0702 0.0708 0.0962 0.0956 0.0932 0.0928 0.0234 0.0228 0.023 0.0586 0.06 0.0598 0.059 0.0594 0.0588 0.0576 0.057 0.0566 0.0188 0.0216 0.176 0.177 0.0882 0.088 0.069 0.0682 0.1906 0.1918 0.0542 0.0544 0.2286 0.0682 0.057 0.0624 0.0618 0.076 0.0754 0.2486 0.2518 0.073 0.0728 0.076 0.0752 0.0786 0.0764 0.1104 
0.0174 0.0178 0.0176 0.0154 0.0148 0.0146 0.0114 0.0112 0.011 0.0104 0.0102 0.016 0.015 0.0144 0.0142 0.0144 0.0126 0.0136 0.013 0.0146 0.0134 0.0148 0.015 0.0154 0.0164 0.0174 0.0176 0.0194 0.0216 0.0178 0.018 0.0182 0.0178 0.0174 0.0114 0.0094 0.0108 0.0098 0.0086 0.0084 0.007 0.0058 0.0062 0.0068 0.0066 0.0004 0.0002 0.0004 0 0.0002 0.0004 0.0042 0.002 0.003 0.005 0.0042 0.0036 0.0056 0.0058 0.0052 0.0038 0.0044 0.0038 0.005 0.0056 0.0038 0.004 0.0026 0.0028 0.0012 0.0008 0.002 0.005 0.0052 0.0048 0.001 0.0022 0.0004 0.0002 0.0052 0.005 0.0046 0.0014 0.0026 0.0022 0.0098 0.0122 0.0088 0.0036 0.0022 0.0034 0.0036 0.0032 0.0038 0.0042 0.0036 0.0032 0.0116 0.016 0.0162 0.0166 0.0176 0.0196 0.021 0.0268 0.0272 0.029 0.0284 0.028 0.0256 0.0254 0.0222 0.0226 0.0228 0.025 0.0218 0.0294 0.0312 0.0324 0.036 0.0374 0.035 0.0352 0.0372 0.0382 0.0292 0.0286 0.0482 0.0464 0.0492 0.0432 0.0416 0.0426 0.0432 0.0396 0.0406 0.0384 0.0544 0.056 0.0482 0.0478 0.0472 0.0476 0.035 0.0378 0.0128 0.0116 0.0114 0.0288 0.0292 0.0272 0.0244 0.0216 0.0202 0.02 0.0198 0.0196 0.0202 0.0272 0.027 0.0288 0.0286 0.0274 0.0206 0.0208 0.0184 0.0182 0.0188 0.0114 0.012 0.0124 0.0122 0.0116 0.0114 0.0112 0.0096 0.0084 0.0114 0.0116 0.0242 0.023 0.0226 0.0228 0.0078 0.0116 0.0118 0.012 0.0118 0.012 0.024 0.0262 0.0202 0.0204 0.0206 0.0204 0.0066 0.0062 0.0044 0.0046 0.0044 
0.018 0.0178 0.018 0.0204 0.018 0.0164 0.0154 0.0156 0.0178 0.0174 0.0172 0.0164 0.014 0.0138 0.014 0.0142 0.0156 0.0154 0.0156 0.0158 0.0162 0.018 0.0242 0.024 0.0202 0.0204 0.021 0.0204 0.021 0.0218 0.0226 0.0228 0.023 0.0246 0.0256 0.0262 0.026 0.0234 0.0242 0.0246 0.0256 0.0248 0.0256 0.0236 0.0228 0.0222 0.0224 0.022 0.0212 0.0208 0.0002 0.0002 0.0004 0.0004 0.0008 0 0.0006 0.0004 0.0014 0.0044 0.0048 0.006 0.0028 0.0052 0.0056 0.0072 0.0066 0.0074 0.0084 0.0106 0.0104 0.0112 0.0236 0.025 0.0268 0.0274 0.028 0.0188 0.0126 0.012 0.0122 0.0118 0.0108 0.0114 0.0218 0.0236 0.0246 0.0238 0.0222 0.0192 0.02 0.0238 0.0244 0.0236 0.0238 0.0234 0.019 0.0194 0.0192 0.0142 0.0148 0.0144 0.0122 0.0124 0.0116 0.0108 0.0124 0.0122 0.0124 0.0128 0.0124 0.0122 0.0108 0.0116 0.0112 0.0096 0.0094 0.0084 0.009 0.0076 0.0094 0.009 0.0086 0.0074 0.0056 0.001 0.0008 0.0004 0.0006 0.0024 0.0016 0.0014 0.0006 0.001 0.006 0.0058 0.006 0.0034 0.0032 0.0018 0.001 0.0012 0.0002 0.0042 0.0028 0.0026 0.0032 0.004 0.0008 0.0014 0.0016 0.0066 0.0126 0.0132 0.013 0.0224 0.0246 0.0248 0.0222 0.0388 0.038 0.0432 0.0406 0.0404 0.0414 0.041 0.0412 0.0406 0.0404 0.04 0.0342 0.0132 0.0134 0.0132 0.013 0.0148 0.0136 0.0104 0.01 0.012 0.0122 0.0158 0.018 0.0178 0.0134 0.0128 0.0072 0.03 0.0294 0.0308 0.0278 0.0266 0.0238 0.0228 0.0232 0.022 0.0092 0.0056 0.006 0.0062 
0.0124 0.0158 0.0148 0.0144 0.015 0.0156 0.0154 0.016 0.0178 0.0188 0.0172 0.0136 0.0132 0.0124 0.0076 0.0082 0.008 0.0074 0.0044 0.0046 0.0048 0.005 0.0052 0.0054 0.0056 0.0058 0.0072 0.0084 0.009 0.0086 0.01 0.0088 0.0082 0.0092 0.0076 0.008 0.0052 0.005 0.0136 0.01 0.0098 0.009 0.0108 0.011 0.0104 0.0102 0.0144 0.0166 0.017 0.0168 0.0164 0.0156 0.0154 0.0158 0.0112 0.0106 0.0088 0.0094 0.0092 0.0144 0.0142 0.015 0.0122 0.0102 0.0092 0.0074 0.0076 0.0078 0.0112 0.0108 0.0106 0.0108 0.0112 0.0108 0.0104 0.0108 0.012 0.0126 0.0136 0.015 0.0148 0.0152 0.0156 0.016 0.0162 0.0166 0.0164 0.018 0.0174 0.0188 0.0198 0.0172 0.0176 0.0174 0.0172 0.017 0.0156 0.0188 0.0212 0.0152 0.0154 0.0158 0.0128 0.011 0.0102 0.0038 0.0032 0.0126 0.0114 0.0136 0.0138 0.0124 0.0128 0.0126 0.0124 0.0098 0.0116 0.0112 0.0082 0.0156 0.0162 0.0156 0.0154 0.0144 0.024 0.0248 0.025 0.0252 0.0254 0.0374 0.0386 0.0388 0.0378 0.0366 0.0352 0.0434 0.0368 0.0388 0.039 0.0412 0.0378 0.0386 0.0356 0.0366 0.0364 0.0368 0.0222 0.0218 0.0238 0.023 0.0242 0.0234 0.0244 0.0212 0.0218 0.0246 0.0264 0.0168 0.0184 0.0122 0.0126 0.013 0.0132 0.0272 0.027 0.0276 0.0294 0.0328 0.0344 0.0318 0.0322 0.0324 0.0326 0.036 0.0448 0.0452 0.0448 0.044 0.0466 0.0472 0.0474 0.0508 0.0506 0.0484 0.0552 0.067 0.0666 0.04 0.039 0.026 0.0268 0.0272 0.0226 0.0238 0.024 0.0256 0.025 0.0246 0.0248 0.0266 
0.0018 0.0024 0.0026 0.0022 0.0024 0.0044 0.0048 0.005 0.0052 0.0054 0.0056 0.0048 0.0044 0.0056 0.0054 0.0064 0.007 0.0072 0.0076 0.0074 0.0072 0.0038 0.0062 0.0096 0.0108 0.0098 0.0086 0.0056 0.0054 0.0092 0.0108 0.0106 0.0098 0.0104 0.0116 0.0106 0.0074 0.0084 0.0114 0.01 0.0098 0.0094 0.0092 0.005 0.0034 0.0032 0.0034 0.0014 0.002 0.0024 0.0018 0.002 0.0014 0.0024 0.006 0.005 0.0052 0.009 0.0068 0.0066 0.0068 0.008 0.0118 0.013 0.0112 0.0104 0.0108 0.0104 0.0124 0.0128 0.0134 0.018 0.0182 0.0148 0.0142 0.0226 0.023 0.0286 0.0284 0.0302 0.0296 0.0276 0.0298 0.0314 0.031 0.027 0.0256 0.0262 0.0258 0.0236 0.0244 0.021 0.0076 0.0084 0.0082 0.0014 0.0026 0.0024 0.0026 0.0008 0 0.0006 0.0008 0.001 0.003 0.0034 0.0022 0.0016 0.0006 0.0004 0.0012 0.0008 0.0062 0.0066 0.0062 0.0048 0.005 0.0082 0.0084 0.0064 0.006 0.0038 0.0042 0.0028 0.0026 0.0014 0.0016 0.0026 0.0006 0.002 0.0026 0.0022 0.0002 0.001 0.0012 0.0014 0.0042 0.0058 0.005 0.0046 0.0256 0.025 0.0272 0.0252 0.0254 0.0302 0.031 0.0248 0.0232 0.025 0.0252 0.0228 0.0234 0.0242 0.0238 0.0236 0.0232 0.0242 0.0226 0.0212 0.028 0.0276 0.0288 0.0282 0.0286 0.025 0.0116 0.0118 0.0032 0.0012 0.0022 0.002 0.001 0.0012 0.0016 0.0038 0.0034 0.0036 0.0034 0.002 0.0088 0.0066 0.0054 0.005 0.0052 0.0376 0.037 0.0376 0.0382 0.038 0.0372 0.039 0.0384 0.0382 0.0388 0.039 0.0392 0.0434 0.0432 0.0412 
0.0082 0.006 0.0056 0.0064 0.0054 0.0012 0.0006 0.0008 0.0016 0.0046 0.0048 0.0058 0.0022 0.0014 0.0006 0.0038 0.002 0.0022 0.0016 0.0018 0.0016 0.0024 0.0002 0.0004 0.0012 0.001 0.0002 0.0006 0.0002 0.0042 0.0046 0.0052 0.0068 0.0066 0.0076 0.0008 0.003 0.0042 0.004 0.0044 0.0036 0.0032 0.003 0.0036 0.0034 0.007 0.0074 0.0072 0.0092 0.0102 0.0088 0.011 0.0122 0.0128 0.0126 0.0144 0.0142 0.0066 0.0062 0.0128 0.0146 0.0142 0.012 0.0118 0.0122 0.0124 0.0122 0.0124 0.0138 0.0134 0.0124 0.012 0.011 0.0138 0.0144 0.0138 0.0126 0.0108 0.0118 0.0098 0.0148 0.015 0.0148 0.0222 0.0202 0.018 0.0176 0.0168 0.0176 0.018 0.0184 0.0172 0.0174 0.0176 0.0138 0.0136 0.0126 0.0148 0.0136 0.0124 0.0122 0.0124 0.0138 0.013 0.0112 0.0122 0.01 0.0074 0.0064 0.0076 0.0108 0.0008 0.0006 0.0004 0.0012 0.0008 0.0004 0.002 0.0018 0.0026 0.008 0.0092 0.0104 0.0106 0.0128 0.012 0.0146 0.016 0.0162 0.0166 0.0154 0.0166 0.0158 0.016 0.0172 0.0182 0.0164 0.0166 0.0178 0.0176 0.0168 0.0174 0.0162 0.0194 0.019 0.0158 0.0136 0.0114 0.0106 0.0096 0.0082 0.0096 0.0094 0.0106 0.0108 0.0102 0.0104 0.0098 0.0096 0.0092 0.0168 0.0164 0.017 0.0154 0.0172 0.0206 0.0212 0.014 0.0132 0.013 0.0134 0.0128 0.0126 0.0134 0.0114 0.0118 0.0106 0.0108 0.007 0.0074 0.008 0.0092 0.0084 0.008 0.0212 0.021 0.0234 0.0238 0.0188 0.017 0.0218 0.0222 0.0224 0.0218 0.022 0.0236 0.0234 0.0212 0.0196 0.0208 
0.005 0.0048 0.0034 0.002 0.001 0.0016 0.0044 0.0058 0.0042 0.0034 0.0008 0 0.001 0.0002 0.001 0.0014 0.0008 0.001 0.0034 0.0014 0.0032 0.003 0.0038 0.0034 0.0036 0.0052 0.0054 0.008 0.0102 0.0096 0.0102 0.01 0.0088 0.0102 0.0156 0.0164 0.0168 0.016 0.0148 0.0142 0.0126 0.0124 0.0146 0.013 0.012 0.0118 0.0112 0.0114 0.0106 0.0128 0.0148 0.0146 0.0152 0.0156 0.0154 0.0156 0.0152 0.015 0.0152 0.0154 0.0156 0.015 0.014 0.0136 0.0134 0.0118 0.0126 0.0122 0.0126 0.0124 0.0134 0.015 0.0136 0.013 0.012 0.0102 0.0122 0.012 0.01 0.0102 0.0098 0.0102 0.0118 0.0128 0.013 0.0118 0.0116 0.0114 0.012 0.0106 0.0072 0.0066 0.0056 0.0068 0.0062 0.0094 0.0088 0.0078 0.0086 0.009 0.0076 0.0078 0.008 0.0084 0.0092 0.015 0.0146 0.015 0.0152 0.0154 0.0152 0.0144 0.0158 0.0156 0.0162 0.016 0.0164 0.0154 0.017 0.0176 0.0152 0.0146 0.0154 0.0174 0.0166 0.0152 0.0154 0.0142 0.0128 0.0124 0.0092 0.0078 0.0068 0.0064 0.0066 0.006 0.005 0.0062 0.006 0.0042 0.0022 0.002 0.0022 0.0008 0.0036 0.0042 0.0056 0.0064 0.0068 0.0074 0.0034 0.003 0.0068 0.0078 0.0072 0.0038 0.004 0.0038 0.0036 0.004 0.003 0.0048 0.0118 0.01 0.0086 0.0082 0.0104 0.0076 0.007 0.0066 0.0074 0.0068 0.0064 0.001 0.0008 0.0024 0.002 0.0036 0.0026 0.0034 0.0032 0.0046 0.0048 0.0036 0.0038 0.0048 0.0054 0.0046 0.0048 0.006 0.0062 0.0028 0.0036 0.0042 0.0092 0.0094 0.0064 0.0078 0.0114 0.011 
0.0078 0.0088 0.0094 0.0086 0.0096 0.009 0.01 0.0094 0.0092 0.009 0.0086 0.0076 0.0078 0.0076 0.008 0.0106 0.0122 0.0124 0.0104 0.009 0.0076 0.0078 0.0074 0.0084 0.0082 0.008 0.0068 0.0086 0.0068 0.0072 0.0074 0.0056 0.0068 0.0066 0.004 0.0028 0.0022 0.0004 0.0012 0.001 0.0008 0.0012 0.001 0.0012 0.0058 0.006 0.0058 0.0056 0.0058 0.006 0.0072 0.0076 0.008 0.0092 0.0096 0.0098 0.0154 0.0158 0.0148 0.0146 0.0138 0.014 0.0138 0.0132 0.0138 0.0146 0.0126 0.0154 0.0152 0.0154 0.0148 0.0146 0.0144 0.0138 0.009 0.008 0.0082 0.0088 0.0082 0.0044 0.0034 0.0026 0.0024 0.0026 0.0052 0.0064 0.0074 0.0066 0.0048 0.0054 0.0056 0.0058 0.008 0.0086 0.0074 0.009 0.0086 0.0092 0.0094 0.0102 0.0086 0.0084 0.0082 0.008 0.006 0.0042 0.0034 0.0024 0.0026 0.0018 0.003 0.0028 0.0026 0.0032 0.0036 0.0038 0.0046 0.005 0.0058 0.007 0.0072 0.01 0.0102 0.0106 0.0108 0.0106 0.0102 0.01 0.0102 0.0104 0.012 0.014 0.0108 0.0094 0.0098 0.01 0.0108 0.0114 0.0094 0.02 0.0202 0.0208 0.0204 0.0162 0.0166 0.0168 0.0166 0.0164 0.0166 0.0116 0.01 0.0102 0.0066 0.007 0.0074 0.002 0.0012 0.0052 0.0076 0.0078 0.0086 0.0084 0.0092 0.0062 0.007 0.0052 0.005 0.0054 0.0058 0.0078 0.0072 0.0064 0.0072 0.0028 0.0032 0.003 0.005 0.0054 0.0082 0.008 0.0074 0.0084 0.0088 0.006 0.0054 0.0052 0.0036 0.003 0.001 0.0014 0.0022 0.001 0.0012 0.0004 0.0006 0.003 0.0034 0.0032 0 0.0008 
0.0006 0.0016 0.0026 0.0032 0.004 0.0042 0.0024 0.0034 0.002 0.0018 0.0022 0.0018 0.0022 0.006 0.0064 0.0056 0.0074 0.0076 0.0084 0.0096 0.0108 0.0106 0.0098 0.0088 0.0094 0.0106 0.0086 0.0104 0.0106 0.0108 0.0114 0.0112 0.0114 0.0116 0.0086 0.0088 0.0066 0.007 0.009 0.0094 0.008 0.0096 0.0104 0.0114 0.0112 0.0126 0.0106 0.0082 0.0084 0.0072 0.007 0.0084 0.0126 0.0148 0.0122 0.0124 0.0162 0.0168 0.0172 0.0178 0.0182 0.0184 0.0174 0.0176 0.0208 0.0206 0.0204 0.0198 0.0196 0.0202 0.0198 0.0168 0.0162 0.019 0.0162 0.017 0.0168 0.0172 0.018 0.0182 0.0184 0.0188 0.0186 0.0236 0.0238 0.0236 0.022 0.0218 0.0234 0.0236 0.0238 0.0264 0.0276 0.0266 0.027 0.0252 0.024 0.0246 0.0258 0.0256 0.0258 0.0266 0.0204 0.025 0.0252 0.0248 0.0242 0.0302 0.03 0.0296 0.0294 0.0296 0.03 0.0318 0.032 0.0318 0.0312 0.0314 0.0318 0.0316 0.029 0.0278 0.0282 0.0306 0.0298 0.0306 0.0324 0.033 0.0322 0.0348 0.0334 0.0332 0.0328 0.0344 0.0346 0.0354 0.0374 0.0356 0.0342 0.035 0.0348 0.0364 0.0348 0.0356 0.0358 0.0354 0.0364 0.0362 0.036 0.0346 0.0344 0.0292 0.028 0.0288 0.03 0.0324 0.0326 0.0318 0.0296 0.0306 0.0298 0.0294 0.0296 0.0294 0.0282 0.0286 0.0324 0.0334 0.0338 0.0234 0.0238 0.023 0.0232 0.0242 0.0248 0.0244 0.0242 0.0244 0.024 0.0238 0.0312 0.031 0.0282 0.0262 0.0272 0.0274 0.0276 0.0278 0.0304 0.0334 0.0344 0.0348 0.0332 0.0334 0.0338 0.0358 0.0364 0.0366 0.0388 0.0452 
0.0004 0.0006 0.0012 0.0014 0.0004 0 0.0004 0.001 0.0008 0.0022 0.002 0.0018 0.0032 0.003 0.0028 0.0034 0.0044 0.0048 0.0046 0.0034 0.004 0.0042 0.0044 0.0022 0.0018 0.0008 0.001 0.0044 0.0036 0.009 0.0112 0.0114 0.0112 0.011 0.0124 0.0126 0.0118 0.0096 0.01 0.0098 0.0104 0.012 0.0122 0.0102 0.0096 0.0086 0.009 0.0096 0.0082 0.0084 0.0062 0.006 0.0048 0.0052 0.0056 0.0074 0.008 0.0058 0.0068 0.0066 0.007 0.0098 0.01 0.0108 0.0106 0.012 0.0116 0.0124 0.013 0.0128 0.0132 0.0142 0.014 0.012 0.0112 0.0118 0.012 0.013 0.0114 0.0118 0.012 0.0122 0.012 0.0152 0.015 0.0126 0.012 0.0122 0.0092 0.0094 0.011 0.0086 0.008 0.0072 0.0076 0.0068 0.007 0.006 0.008 0.0082 0.007 0.0072 0.008 0.0076 0.0078 0.0076 0.0082 0.008 0.0082 0.0078 0.0082 0.012 0.0122 0.0108 0.0138 0.0126 0.0124 0.013 0.0132 0.0128 0.0126 0.0134 0.0138 0.0146 0.0162 0.0158 0.0136 0.0138 0.0156 0.0152 0.015 0.0142 0.0134 0.0128 0.0174 0.0182 0.0178 0.0188 0.0186 0.018 0.0184 0.018 0.0164 0.0214 0.0206 0.0246 0.0258 0.0236 0.0246 0.0224 0.0222 0.0224 0.0236 0.022 0.0234 0.0186 0.0212 0.0214 0.0212 0.0208 0.0212 0.0204 0.0208 0.021 0.0206 0.021 0.0208 0.021 0.0208 0.02 0.0198 0.0194 0.0196 0.0184 0.0166 0.0164 0.0166 0.0152 0.0154 0.0158 0.0162 0.0144 0.0138 0.0146 0.0144 0.0142 0.014 0.0136 0.0132 0.0124 0.014 0.0134 0.0102 0.01 0.0108 0.0114 0.012 0.0104 0.0106 0.0132 
0.0026 0.0032 0.0022 0.0018 0.002 0.0014 0.0016 0.0042 0.0044 0.005 0.0044 0.0042 0.0036 0.0032 0.0034 0 0.001 0.0004 0.0004 0.0002 0.0016 0.0002 0.0004 0.0012 0.0002 0.0012 0.0014 0.0012 0.0016 0.0038 0.0024 0.0022 0.001 0.0012 0.0014 0.0036 0.0042 0.004 0.0048 0.005 0.004 0.0038 0.0018 0.0028 0.0024 0.0008 0.001 0.0004 0.004 0.0038 0.0034 0.0036 0.0034 0.0036 0.0034 0.003 0.0026 0.0028 0.007 0.0072 0.0074 0.0076 0.0042 0.0052 0.0044 0.0032 0.0038 0.0042 0.0008 0.0012 0.0062 0.0068 0.0084 0.0094 0.0096 0.0094 0.0098 0.0094 0.0102 0.0134 0.0136 0.014 0.0144 0.0146 0.0148 0.015 0.0152 0.0096 0.0102 0.01 0.0094 0.0074 0.0068 0.0066 0.0062 0.0064 0.0062 0.0066 0.008 0.0076 0.0072 0.0074 0.0092 0.0094 0.0096 0.0124 0.013 0.0138 0.0144 0.014 0.0148 0.014 0.0136 0.0114 0.0116 0.012 0.0132 0.013 0.0118 0.0116 0.0122 0.0162 0.0154 0.0134 0.0128 0.0126 0.0124 0.0168 0.0166 0.0144 0.0142 0.0132 0.0136 0.0174 0.0164 0.0134 0.011 0.0114 0.0096 0.0112 0.0106 0.0104 0.011 0.0108 0.009 0.0084 0.0052 0.0056 0.006 0.0058 0.0056 0.0048 0.0072 0.0066 0.0072 0.0048 0.0044 0.0038 0.004 0.009 0.0088 0.002 0.0022 0.0004 0.0036 0.0046 0.0036 0.0038 0.0032 0.003 0.0016 0.002 0.0012 0.0024 0.0002 0.0014 0.0026 0.003 0.0036 0.0046 0.0066 0.0064 0.0056 0.0058 0.0042 0.0044 0.0052 0.0038 0.0032 0.0028 0.0038 0.0036 0.0034 0.003 0.0032 0.0028 0.0004 0.0002 0 0.0024 
0.0104 0.0106 0.009 0.0078 0.0094 0.0092 0.0064 0.0078 0.0102 0.0106 0.0112 0.0134 0.0124 0.0126 0.0124 0.0126 0.0112 0.011 0.0104 0.0108 0.009 0.0104 0.0106 0.0102 0.01 0.0102 0.0078 0.008 0.0076 0.0088 0.0086 0.0092 0.01 0.0092 0.0096 0.0122 0.0092 0.0096 0.0106 0.0108 0.0112 0.0128 0.0134 0.0166 0.0182 0.023 0.0232 0.0228 0.023 0.0226 0.0224 0.0218 0.0224 0.022 0.021 0.0206 0.0214 0.0222 0.021 0.0214 0.0212 0.0224 0.0212 0.021 0.0206 0.0198 0.0206 0.02 0.0192 0.019 0.0174 0.0192 0.019 0.018 0.0188 0.016 0.0162 0.0156 0.016 0.015 0.0152 0.0146 0.015 0.0144 0.014 0.012 0.0098 0.01 0.0098 0.0096 0.0092 0.0094 0.0108 0.0104 0.0084 0.0086 0.0084 0.0088 0.0074 0.0066 0.005 0.0052 0.0048 0.005 0.004 0.0038 0.0048 0.005 0.0054 0.0056 0.0058 0.0046 0.0044 0.0038 0.0012 0.0014 0.0008 0.0002 0.0004 0.0004 0.0004 0.0004 0.0002 0.0004 0.0002 0.0006 0.0008 0.0004 0.0002 0.0018 0.0006 0.0004 0.0012 0.0014 0.001 0.0008 0.0012 0.001 0.0004 0.001 0.0006 0.0004 0.0002 0.001 0.0012 0.0016 0.0036 0.002 0.0022 0.0024 0.002 0.0022 0.0032 0.0034 0.0036 0.0046 0.0044 0.0046 0.0036 0.0038 0.003 0.005 0.0048 0.0042 0.0032 0.0024 0.0022 0.0012 0.0004 0.001 0.005 0.0058 0.0046 0.004 0.0034 0.0044 0.0046 0.0024 0.0018 0.0022 0.0042 0.004 0.0064 0.0066 0.008 0.0072 0.0044 0.0056 0.0082 0.0076 0.0096 0.0104 0.0128 0.0136 0.0134 0.0136 0.0138 0.015 0.0154 0.0152 
0.0026 0.0022 0.001 0.004 0.0066 0.0074 0.0072 0.008 0.0072 0.0084 0.0082 0.0062 0.0066 0.0062 0.006 0.0068 0.0082 0.0086 0.0088 0.0102 0.0086 0.0084 0.0086 0.0088 0.0092 0.0094 0.0104 0.0108 0.0106 0.0086 0.0108 0.011 0.0108 0.0116 0.0114 0.0108 0.0128 0.013 0.0136 0.012 0.013 0.0138 0.0114 0.012 0.0118 0.0116 0.0112 0.0104 0.011 0.0108 0.011 0.01 0.009 0.0086 0.0082 0.0088 0.009 0.0066 0.0042 0.0048 0.0054 0.0052 0.0064 0.0066 0.0062 0.0042 0.0036 0.0044 0.0054 0.0066 0.004 0.003 0.0028 0.0022 0.0018 0.0012 0.0014 0.0016 0.0012 0.0002 0.0002 0.0008 0.0012 0.0018 0.0012 0.0008 0.0012 0.0014 0.0028 0.0002 0.0012 0.0006 0.0008 0.001 0.0012 0.0018 0.0014 0.0012 0.0016 0.0012 0.0014 0.0022 0.0032 0.003 0.0034 0.0064 0.008 0.0058 0.0056 0.0054 0.005 0.0008 0.0004 0.0032 0.003 0.0034 0.0042 0.0056 0.0068 0.006 0.005 0.0054 0.005 0.0042 0.0058 0.0054 0.0056 0.0034 0.002 0.0028 0.0042 0.005 0.0048 0.0046 0.0058 0.0056 0.0054 0.0032 0.003 0.0026 0.0022 0.002 0.0024 0.0026 0.0022 0.0038 0.003 0.0044 0.0048 0.0046 0.005 0.0068 0.006 0.0056 0.0058 0.0052 0.0054 0.0056 0.0046 0.0042 0.0046 0.0048 0.0042 0.005 0.0048 0.005 0.0042 0.0044 0.0004 0.0002 0 0.0006 0.003 0.0042 0.004 0.0044 0.0052 0.0058 0.0064 0.0056 0.0054 0.004 0.0042 0.0036 0.0116 0.012 0.0126 0.0122 0.0118 0.0112 0.0108 0.0104 0.0106 0.0094 0.007 0.0072 0.0086 0.0078 0.0092 0.0076 
0.0058 0.006 0.0052 0.0036 0.0026 0.0034 0.0026 0.0012 0.001 0.0012 0.0014 0.0026 0.0024 0.0028 0.0034 0.0038 0.0036 0.0064 0.006 0.005 0.0066 0.0064 0.0062 0.006 0.0066 0.006 0.0068 0.0058 0.0056 0.0072 0.008 0.0084 0.0082 0.0078 0.0072 0.007 0.0062 0.0064 0.0066 0.0064 0.005 0.0052 0.005 0.002 0.0012 0.0026 0.0022 0.0012 0.0018 0.0014 0.0018 0.0012 0.0014 0.0036 0.0028 0.0016 0.0032 0.0038 0.0062 0.008 0.0076 0.0074 0.0076 0.007 0.0076 0.0072 0.0062 0.0058 0.0062 0.0066 0.008 0.0082 0.0074 0.0078 0.008 0.0068 0.0058 0.0046 0.0048 0.0058 0.0054 0.0046 0.0048 0.0044 0.0036 0.0038 0.0036 0.0042 0.0046 0.0052 0.005 0.0058 0.0062 0.0066 0.0048 0.0036 0.0046 0.0056 0.0052 0.0054 0.0062 0.005 0.0052 0.0036 0.0042 0.004 0.0044 0.0034 0.004 0.0038 0.0046 0.0052 0.0054 0.006 0.0054 0.0056 0.0066 0.0046 0.0038 0.0036 0.0032 0.0042 0.0064 0.0062 0.0068 0.0072 0.0074 0.0062 0.0066 0.0084 0.008 0.0084 0.0068 0.007 0.008 0.0088 0.0044 0.0046 0.005 0.0046 0.006 0.0086 0.0082 0.0084 0.0078 0.0072 0.0084 0.0114 0.012 0.0126 0.0138 0.0144 0.013 0.014 0.0142 0.0146 0.0144 0.0146 0.0126 0.014 0.0142 0.013 0.0136 0.0134 0.0124 0.0122 0.012 0.0134 0.0126 0.0122 0.0126 0.0122 0.012 0.0112 0.0108 0.0104 0.0106 0.0112 0.01 0.0106 0.0108 0.012 0.0138 0.014 0.0138 0.0148 0.015 0.0146 0.0144 0.0152 0.015 0.0156 0.0184 0.0186 0.0196 0.019 0.0188 0.018 0.0178 0.0184 
0.0134 0.0144 0.0138 0.0152 0.0154 0.0152 0.015 0.0144 0.0146 0.0158 0.0164 0.0172 0.0174 0.0194 0.0196 0.0204 0.0214 0.0218 0.0194 0.0192 0.0188 0.0194 0.019 0.0178 0.0176 0.0178 0.018 0.0176 0.0186 0.0188 0.0186 0.0188 0.0186 0.0184 0.0192 0.019 0.0188 0.0182 0.0196 0.02 0.0202 0.02 0.0214 0.0228 0.0226 0.0228 0.0234 0.0236 0.024 0.0232 0.0224 0.023 0.0258 0.026 0.0262 0.0264 0.0266 0.0264 0.0254 0.026 0.0256 0.0254 0.0242 0.0238 0.025 0.0258 0.0256 0.025 0.0248 0.025 0.0244 0.025 0.026 0.0256 0.0254 0.0256 0.026 0.0254 0.0248 0.0246 0.0244 0.024 0.023 0.0214 0.0218 0.0222 0.022 0.023 0.0206 0.0208 0.0206 0.0202 0.02 0.0194 0.0188 0.0184 0.0186 0.019 0.0192 0.0166 0.017 0.0168 0.0162 0.0154 0.0152 0.0154 0.0122 0.013 0.0128 0.0126 0.0108 0.0106 0.0108 0.011 0.0122 0.0124 0.0126 0.0134 0.0136 0.0138 0.0132 0.0128 0.0136 0.0132 0.0134 0.014 0.0172 0.017 0.0172 0.0174 0.0172 0.017 0.018 0.0186 0.019 0.0184 0.021 0.0206 0.0204 0.0202 0.0214 0.021 0.0206 0.0214 0.0228 0.0226 0.0222 0.025 0.0248 0.0246 0.0248 0.0244 0.0242 0.0238 0.025 0.0256 0.0262 0.026 0.0254 0.0258 0.026 0.027 0.0252 0.0236 0.0234 0.0244 0.0242 0.0236 0.0208 0.021 0.022 0.0222 0.0228 0.023 0.0214 0.0202 0.0204 0.021 0.0212 0.021 0.0206 0.0204 0.021 0.018 0.0202 0.0204 0.0194 0.0196 0.0208 0.022 0.0224 0.0228 0.0224 0.0184 0.0212 0.0206 0.0198 0.0194 0.0198 0.0204 
0.0064 0.0066 0.0082 0.0084 0.0072 0.007 0.0068 0.0048 0.0046 0.0054 0.0052 0.0048 0.0038 0.0036 0.0032 0.0034 0.0036 0.005 0.0048 0.0064 0.0066 0.0072 0.007 0.0082 0.008 0.0082 0.0092 0.0082 0.0084 0.0088 0.0086 0.009 0.0088 0.0082 0.008 0.0074 0.0076 0.0074 0.0076 0.0074 0.0072 0.007 0.0068 0.0052 0.0068 0.0066 0.008 0.0088 0.009 0.0088 0.009 0.0092 0.0098 0.0096 0.0118 0.012 0.0114 0.0112 0.0128 0.0124 0.0114 0.0112 0.0108 0.0106 0.009 0.0092 0.0094 0.0086 0.0106 0.0116 0.0112 0.0114 0.0116 0.0118 0.0116 0.0118 0.0116 0.0112 0.0098 0.0108 0.0106 0.0126 0.0118 0.012 0.0132 0.0142 0.0146 0.0134 0.0128 0.0134 0.0136 0.0134 0.0136 0.0112 0.0124 0.015 0.0162 0.016 0.0146 0.015 0.0146 0.0144 0.0132 0.0134 0.0138 0.0136 0.0138 0.0136 0.0132 0.0152 0.015 0.0146 0.013 0.0128 0.0132 0.0116 0.011 0.0112 0.0104 0.0118 0.0126 0.0136 0.014 0.0158 0.015 0.0152 0.0164 0.0162 0.0172 0.016 0.0144 0.0138 0.0142 0.014 0.0162 0.0166 0.017 0.0174 0.0194 0.0192 0.0186 0.0192 0.0158 0.0164 0.0168 0.0166 0.017 0.0138 0.0142 0.0144 0.0126 0.013 0.014 0.0156 0.014 0.0136 0.0148 0.017 0.0184 0.0162 0.0176 0.0172 0.0168 0.0162 0.0166 0.016 0.0156 0.0154 0.0152 0.0166 0.0172 0.0174 0.017 0.0156 0.0152 0.0146 0.015 0.016 0.0164 0.0158 0.0152 0.0154 0.0152 0.0156 0.015 0.0152 0.0162 0.0166 0.017 0.0176 0.0172 0.017 0.0172 0.0164 0.0162 0.016 0.0172 0.0178 0.0184 0.0182 
0.0066 0.006 0.0106 0.0112 0.01 0.0096 0.0092 0.0094 0.0108 0.0106 0.0104 0.0106 0.0114 0.0096 0.009 0.0092 0.0094 0.0092 0.0098 0.0086 0.0084 0.0104 0.0108 0.0104 0.0106 0.0108 0.0106 0.0102 0.0076 0.0074 0.0072 0.0074 0.008 0.0086 0.0088 0.0084 0.0078 0.0076 0.0082 0.0074 0.0072 0.0078 0.008 0.0078 0.0076 0.0078 0.0076 0.0078 0.0086 0.0088 0.0066 0.0068 0.0066 0.0058 0.0056 0.0058 0.0028 0.004 0.0042 0.0046 0.0014 0.0018 0.0016 0.003 0.0026 0.0018 0.0016 0.0018 0.0022 0.0018 0.0024 0.0026 0.0022 0.003 0.0044 0.0048 0.0062 0.005 0.0032 0.0014 0.0008 0.0006 0.0004 0.0002 0.0006 0.0012 0.002 0.0012 0.001 0.0004 0.0002 0.003 0.0032 0.0024 0.0054 0.0048 0.007 0.0072 0.0076 0.0048 0.0056 0.006 0.0058 0.0072 0.0066 0.009 0.0086 0.009 0.0116 0.0122 0.0132 0.014 0.0128 0.013 0.0122 0.012 0.0118 0.0124 0.0118 0.0124 0.0122 0.0118 0.0116 0.0122 0.0116 0.0112 0.0106 0.0108 0.0112 0.0108 0.0112 0.0114 0.0116 0.0128 0.013 0.0116 0.011 0.0092 0.0094 0.0092 0.0098 0.0078 0.0074 0.0068 0.0076 0.0072 0.0074 0.0072 0.0076 0.0084 0.011 0.0096 0.0094 0.01 0.0124 0.0122 0.0114 0.0116 0.0114 0.0092 0.0094 0.0086 0.0084 0.0082 0.0026 0.002 0.0012 0.0026 0.002 0.0014 0.002 0.0016 0.0032 0.002 0.0018 0.0006 0.0008 0.0002 0.001 0.0008 0.0012 0.0006 0 0.0012 0.0024 0.0044 0.005 0.004 0.0036 0.0034 0.0046 0.0058 0.0054 0.0062 0.0056 0.0052 0.006 0.0064 0.0072 0.0062 
0.016 0.0168 0.0158 0.0156 0.0152 0.016 0.0158 0.0162 0.0164 0.0172 0.0168 0.0166 0.0158 0.016 0.0152 0.0138 0.0134 0.0118 0.0116 0.011 0.009 0.0092 0.0096 0.0108 0.0106 0.0122 0.0124 0.0128 0.0126 0.0124 0.012 0.0104 0.0124 0.0128 0.0132 0.0124 0.013 0.0128 0.013 0.0112 0.0098 0.0096 0.013 0.014 0.0142 0.0148 0.014 0.0138 0.0126 0.0124 0.013 0.0128 0.0126 0.0128 0.0132 0.013 0.0146 0.0152 0.015 0.0146 0.015 0.0154 0.0172 0.017 0.0168 0.0166 0.016 0.0158 0.0162 0.0188 0.0178 0.0172 0.0176 0.018 0.0194 0.0198 0.0196 0.02 0.0198 0.02 0.0198 0.0194 0.0166 0.0162 0.0168 0.018 0.02 0.0198 0.02 0.0198 0.0202 0.0224 0.0222 0.0228 0.023 0.0214 0.0208 0.021 0.0208 0.0212 0.022 0.0224 0.0226 0.0234 0.0224 0.0222 0.022 0.0222 0.022 0.0198 0.019 0.0194 0.019 0.0188 0.018 0.02 0.0188 0.019 0.0176 0.0188 0.0186 0.0188 0.0182 0.0192 0.0176 0.018 0.0184 0.0172 0.0174 0.0176 0.0182 0.017 0.0164 0.0184 0.0194 0.0192 0.019 0.0172 0.0174 0.017 0.0172 0.0176 0.021 0.0214 0.02 0.0202 0.0182 0.018 0.019 0.0186 0.019 0.0192 0.0176 0.0188 0.0204 0.0206 0.0214 0.0218 0.0214 0.0212 0.0232 0.0238 0.023 0.0246 0.024 0.0236 0.0228 0.024 0.0222 0.0224 0.0226 0.0222 0.022 0.0218 0.022 0.0218 0.0234 0.0226 0.023 0.0242 0.0252 0.025 0.0248 0.0228 0.024 0.0234 0.0236 0.0244 0.0258 0.026 0.0274 0.0272 0.027 0.0284 0.0258 0.0248 0.0254 0.023 0.0224 0.0228 
0.0092 0.0088 0.0086 0.0088 0.0102 0.01 0.0098 0.0094 0.0092 0.0088 0.0078 0.0086 0.01 0.0102 0.0068 0.007 0.0064 0.0062 0.006 0.0068 0.0066 0.0064 0.0068 0.0064 0.0058 0.006 0.0072 0.007 0.0066 0.0084 0.0086 0.009 0.0092 0.0096 0.0098 0.0104 0.0098 0.0106 0.0108 0.0104 0.011 0.0096 0.009 0.0096 0.009 0.0074 0.007 0.0072 0.0068 0.0064 0.0066 0.0068 0.0074 0.0072 0.0068 0.0076 0.0078 0.0064 0.0062 0.0046 0.0052 0.0036 0.0038 0.0054 0.006 0.0048 0.0038 0.0062 0.0086 0.0088 0.0086 0.0084 0.0076 0.008 0.0078 0.0082 0.0072 0.007 0.0062 0.0066 0.0068 0.0084 0.0086 0.0092 0.0098 0.009 0.0092 0.0096 0.0076 0.0078 0.008 0.0074 0.009 0.0084 0.0088 0.008 0.0076 0.007 0.0068 0.0066 0.0058 0.0044 0.0046 0.003 0.0034 0.0046 0.0048 0.006 0.0054 0.0062 0.006 0.008 0.0076 0.0102 0.01 0.0106 0.0112 0.011 0.012 0.0098 0.0086 0.0104 0.0106 0.0108 0.011 0.012 0.0124 0.0122 0.012 0.0128 0.012 0.0134 0.0136 0.0144 0.0134 0.0136 0.0132 0.0142 0.0144 0.0146 0.0142 0.01 0.0102 0.0108 0.0092 0.009 0.0082 0.0074 0.0078 0.008 0.0082 0.0078 0.0074 0.0088 0.0094 0.0092 0.0094 0.0092 0.0086 0.0102 0.0096 0.0094 0.009 0.0072 0.007 0.0058 0.0056 0.006 0.0054 0.0072 0.0078 0.0076 0.007 0.0074 0.0078 0.0074 0.0068 0.008 0.0084 0.008 0.0078 0.0068 0.0086 0.0084 0.0082 0.0078 0.0076 0.0066 0.0058 0.006 0.0058 0.0056 0.006 0.0076 0.0064 0.006 0.0056 0.0044 0.0048 0.0018 
0.0032 0.0034 0.0024 0.0016 0.0018 0.0008 0.0012 0.0002 0 0.0004 0.0006 0.0004 0.0002 0.0006 0.0004 0.0002 0.0022 0.002 0.0038 0.0068 0.006 0.0054 0.0056 0.006 0.0058 0.0064 0.006 0.005 0.0054 0.0034 0.0028 0.0018 0.0014 0.0006 0.0002 0.0002 0.001 0.0008 0.0014 0.001 0.0008 0.0014 0.0006 0 0.0002 0 0.0016 0.0036 0.0038 0.0032 0.004 0.0048 0.005 0.0052 0.004 0.0058 0.0052 0.005 0.0048 0.005 0.004 0.0042 0.0044 0.0042 0.006 0.0064 0.0066 0.007 0.0064 0.0062 0.0052 0.0062 0.0066 0.0064 0.0062 0.007 0.0054 0.0052 0.0054 0.0046 0.0048 0.0046 0.0048 0.0052 0.005 0.0042 0.0044 0.005 0.0048 0.0054 0.0064 0.0066 0.0062 0.0058 0.0054 0.005 0.0046 0.0044 0.0078 0.0068 0.007 0.0074 0.009 0.0096 0.0088 0.0098 0.009 0.0092 0.0094 0.0072 0.0074 0.0076 0.008 0.0084 0.0082 0.0084 0.0082 0.0098 0.0096 0.0088 0.0078 0.0076 0.005 0.0054 0.0056 0.0076 0.008 0.009 0.0094 0.0096 0.0084 0.0088 0.01 0.0094 0.01 0.0096 0.0098 0.0104 0.0102 0.0116 0.0114 0.0112 0.0108 0.0114 0.0116 0.0114 0.0122 0.0114 0.0118 0.0114 0.0128 0.0118 0.0122 0.012 0.01 0.0118 0.012 0.0124 0.015 0.0138 0.0136 0.0124 0.0128 0.012 0.0126 0.0128 0.014 0.0142 0.014 0.0138 0.0136 0.0134 0.014 0.0126 0.0128 0.0168 0.017 0.0178 0.017 0.0174 0.0182 0.0192 0.0164 0.0168 0.0176 0.017 0.0164 0.0162 0.0166 0.0174 0.017 0.0176 0.0184 0.0186 0.0188 0.0194 0.02 0.0196 0.018 0.0162 
0.0124 0.0114 0.011 0.0124 0.0128 0.014 0.0142 0.014 0.0126 0.013 0.0128 0.0138 0.014 0.0152 0.0156 0.016 0.0166 0.0168 0.0166 0.0164 0.0168 0.0174 0.0164 0.0182 0.0184 0.0182 0.0178 0.0182 0.019 0.0192 0.019 0.0194 0.0192 0.019 0.018 0.0176 0.0178 0.017 0.0172 0.0176 0.0174 0.0178 0.0182 0.0186 0.019 0.0184 0.0194 0.02 0.018 0.0182 0.0178 0.0182 0.0184 0.0178 0.0188 0.0186 0.018 0.0184 0.0182 0.0174 0.0204 0.02 0.0202 0.0204 0.0206 0.0208 0.0188 0.0194 0.0198 0.02 0.0196 0.0198 0.0194 0.0196 0.0184 0.0176 0.017 0.0168 0.017 0.0176 0.0174 0.0172 0.0174 0.017 0.0174 0.0172 0.0176 0.0166 0.0162 0.0166 0.0174 0.017 0.0174 0.0164 0.0148 0.0162 0.0158 0.0154 0.015 0.0148 0.0164 0.0168 0.0166 0.017 0.0172 0.0174 0.0168 0.0172 0.0162 0.0156 0.0168 0.0166 0.016 0.0182 0.0194 0.019 0.0192 0.0184 0.0188 0.0192 0.0194 0.0148 0.0156 0.016 0.0156 0.0154 0.016 0.0154 0.0152 0.0158 0.016 0.0162 0.0164 0.016 0.0162 0.0166 0.0172 0.0176 0.0172 0.0176 0.0198 0.0188 0.019 0.0192 0.0206 0.022 0.0216 0.0246 0.0244 0.0238 0.0246 0.0248 0.0244 0.0246 0.0248 0.0234 0.0236 0.0246 0.0252 0.0254 0.0256 0.0262 0.0256 0.0258 0.0266 0.0268 0.0272 0.027 0.0262 0.0264 0.0262 0.028 0.0284 0.028 0.0274 0.0278 0.0284 0.0278 0.0276 0.0272 0.0278 0.0276 0.029 0.0292 0.0308 0.0312 0.0318 0.032 0.0318 0.0326 0.032 0.0328 0.0324 0.0322 0.0318 0.032 0.0314 0.0316 0.0322 0.0324 
0.0102 0.012 0.0122 0.0118 0.0098 0.0088 0.0078 0.0088 0.009 0.0092 0.0078 0.0084 0.0082 0.008 0.0082 0.0096 0.0094 0.0088 0.0068 0.0056 0.0064 0.0066 0.006 0.0054 0.005 0.0032 0.003 0.0028 0.003 0.002 0.003 0.0032 0.0038 0.0036 0.0026 0.002 0.0028 0.0018 0.002 0.0032 0.0048 0.0042 0.0038 0.0036 0.0038 0.0042 0.0034 0.004 0.0042 0.0058 0.0062 0.0058 0.006 0.0058 0.0062 0.0064 0.0086 0.0102 0.0104 0.0102 0.01 0.0096 0.0102 0.0108 0.0102 0.0092 0.009 0.0086 0.0082 0.009 0.0092 0.008 0.0084 0.0082 0.0088 0.0086 0.01 0.0098 0.0094 0.0098 0.0096 0.0108 0.011 0.0112 0.0116 0.012 0.0136 0.0142 0.0144 0.0142 0.0138 0.014 0.0136 0.0138 0.0142 0.0144 0.015 0.0154 0.0148 0.0146 0.0142 0.0156 0.0146 0.0144 0.015 0.0148 0.0144 0.0158 0.016 0.0164 0.0184 0.0186 0.019 0.0192 0.0194 0.019 0.0192 0.019 0.0188 0.0186 0.0188 0.019 0.018 0.0178 0.018 0.0182 0.0196 0.0198 0.0212 0.021 0.0204 0.0202 0.0198 0.0196 0.0202 0.02 0.019 0.0194 0.02 0.0204 0.0214 0.022 0.0218 0.0208 0.0202 0.0198 0.0194 0.0192 0.0204 0.018 0.017 0.0166 0.016 0.0154 0.0162 0.0154 0.0148 0.015 0.0138 0.0136 0.0134 0.0122 0.0112 0.0104 0.012 0.0124 0.013 0.0122 0.012 0.0118 0.0116 0.0114 0.012 0.0118 0.0112 0.0116 0.011 0.0082 0.0084 0.0086 0.0088 0.0074 0.0072 0.0068 0.008 0.007 0.0074 0.0076 0.0078 0.0082 0.0058 0.0066 0.0068 0.0066 0.009 0.0112 0.0108 0.011 0.0102 0.0122 
0.0046 0.004 0.0044 0.004 0.0052 0.0044 0.0068 0.0062 0.006 0.0062 0.0064 0.006 0.0052 0.0038 0.0044 0.005 0.0042 0.0044 0.005 0.0056 0.0072 0.0066 0.007 0.0068 0.007 0.0068 0.007 0.0066 0.0064 0.007 0.0072 0.0074 0.008 0.0076 0.0086 0.0088 0.0092 0.009 0.0096 0.0098 0.0102 0.01 0.0092 0.0124 0.0144 0.014 0.0138 0.0144 0.0132 0.013 0.0124 0.013 0.0128 0.0122 0.0118 0.0122 0.0124 0.0126 0.0124 0.0128 0.0132 0.0138 0.0146 0.0158 0.016 0.0168 0.017 0.0148 0.0146 0.017 0.0172 0.0194 0.0192 0.0186 0.018 0.0192 0.0186 0.0198 0.0188 0.019 0.0198 0.0196 0.0202 0.0206 0.0204 0.0166 0.0158 0.0136 0.014 0.0144 0.0146 0.0134 0.0132 0.0134 0.013 0.0144 0.014 0.0144 0.0148 0.016 0.0136 0.013 0.0136 0.0138 0.0136 0.0128 0.013 0.0124 0.0116 0.0118 0.0116 0.0112 0.011 0.0126 0.0128 0.0112 0.0118 0.0126 0.0118 0.0116 0.0106 0.0092 0.0096 0.0092 0.0088 0.01 0.0102 0.0104 0.0106 0.0092 0.009 0.0094 0.0092 0.008 0.0088 0.0082 0.0058 0.0074 0.0076 0.0074 0.0062 0.0052 0.006 0.0064 0.0052 0.006 0.0068 0.007 0.0064 0.0066 0.0068 0.0064 0.007 0.0078 0.0074 0.007 0.0074 0.0058 0.006 0.0064 0.0072 0.007 0.0064 0.0058 0.0062 0.0064 0.0062 0.0064 0.0054 0.005 0.0048 0.005 0.0048 0.0044 0.006 0.0058 0.006 0.0044 0.004 0.0044 0.004 0.0038 0.0036 0.0034 0.0032 0.0028 0.004 0.0034 0.0024 0.0028 0.003 0.0026 0.0024 0.0022 0.0018 0.0036 0.0034 0.0036 0.003 0.0026 
0.0026 0.0022 0.002 0.0018 0.001 0.0006 0.0004 0.0002 0.0006 0.0008 0.0012 0.0018 0.0014 0.0008 0.0006 0.0008 0.001 0.0014 0.0038 0.0032 0.0034 0.004 0.0042 0.0038 0.0036 0.0038 0.0042 0.004 0.0038 0.0036 0.0018 0.0016 0.0022 0.0036 0.0042 0.0034 0.0044 0.0042 0.0028 0.0026 0.0034 0.0036 0.0038 0.0034 0.0028 0.0016 0.0024 0.0022 0.002 0.0018 0.0016 0.0022 0.0024 0.003 0.0032 0.006 0.0054 0.006 0.0058 0.0062 0.0058 0.006 0.005 0.0046 0.005 0.0048 0.0064 0.0062 0.0066 0.0068 0.0058 0.0056 0.0062 0.007 0.0068 0.0074 0.0078 0.008 0.0078 0.008 0.0082 0.008 0.0078 0.008 0.0078 0.0066 0.0074 0.009 0.0088 0.009 0.0084 0.0076 0.0074 0.008 0.0084 0.0082 0.008 0.0082 0.0088 0.0092 0.0094 0.0092 0.008 0.0082 0.0078 0.0076 0.0086 0.0084 0.0088 0.0104 0.0106 0.0104 0.0098 0.0082 0.009 0.0092 0.0076 0.0078 0.0076 0.0078 0.0084 0.0088 0.009 0.0092 0.0096 0.0094 0.0096 0.0098 0.0078 0.0082 0.008 0.0076 0.0078 0.0082 0.0072 0.0074 0.0072 0.0076 0.0082 0.0076 0.0072 0.0078 0.0074 0.0076 0.0056 0.007 0.0064 0.0078 0.008 0.0076 0.0084 0.0082 0.008 0.0076 0.0068 0.0076 0.0042 0.0046 0.0044 0.0036 0.0038 0.0036 0.0032 0.0028 0.004 0.0028 0.0018 0.002 0.0016 0.0014 0.0012 0.0008 0.002 0.0018 0.002 0.0026 0.0018 0.0026 0.0028 0.0032 0.0026 0.0024 0.0034 0.0036 0.0032 0.003 0.0028 0.0024 0.003 0.0042 0.0038 0.005 0.0052 0.0048 0.005 0.004 0.0036 0.004 0.0042 0.0044 
0.015 0.0156 0.0158 0.0156 0.0162 0.0164 0.0162 0.0164 0.017 0.0172 0.016 0.015 0.0144 0.0134 0.0132 0.0116 0.0118 0.0124 0.0122 0.0118 0.0114 0.0118 0.0086 0.008 0.0076 0.008 0.0082 0.0084 0.0086 0.0088 0.0086 0.009 0.0084 0.0068 0.0064 0.0066 0.007 0.0068 0.0072 0.0078 0.0068 0.006 0.0062 0.0056 0.0058 0.006 0.0064 0.0056 0.0054 0.0044 0.0042 0.0046 0.0048 0.0044 0.004 0.003 0.0044 0.0056 0.0064 0.0066 0.0064 0.0054 0.0062 0.0058 0.0056 0.0054 0.0048 0.005 0.006 0.0054 0.0062 0.0092 0.0074 0.007 0.0064 0.0068 0.0064 0.0056 0.0058 0.006 0.0058 0.0056 0.0058 0.0052 0.005 0.0042 0.0022 0.0018 0.0008 0.003 0.0032 0.0034 0.0036 0.0044 0.0052 0.0048 0.0038 0.0044 0.0046 0.0048 0.0034 0.0042 0.004 0.0042 0.004 0.0042 0.003 0.0024 0.0016 0.0022 0.0018 0.002 0.0024 0.0028 0.003 0.0036 0.0012 0.0008 0.0006 0.0014 0.0016 0.0014 0.0016 0.0034 0.0036 0.0032 0.003 0.0026 0.0032 0.0034 0.0046 0.0032 0.0044 0.0042 0.0032 0.0024 0.0022 0.0014 0.0016 0.0002 0.0006 0.0008 0.0012 0.0016 0 0.001 0.0012 0.0018 0.002 0.0016 0.0026 0.0022 0.0018 0.0022 0.002 0.0008 0.001 0.0006 0.0004 0.0002 0.0002 0 0.0008 0.0004 0.0008 0.0008 0.0006 0 0.0008 0.001 0.0002 0.0002 0.0004 0.0008 0.0006 0.0012 0.001 0.0006 0 0.001 0.0006 0.0004 0.0006 0.0004 0.001 0.0016 0.002 0.0002 0 0.0004 0.0002 0.0008 0.0002 0.0004 0.0024 0.0028 0.0026 0.003 0.0026 0.0032 
0.003 0.005 0.0048 0.0028 0.0022 0.0028 0.0022 0.0024 0.0026 0.0032 0.0028 0.0026 0.003 0.0032 0.0024 0.0022 0.0014 0.0016 0.0012 0.0002 0.0002 0 0.0008 0.0008 0.0016 0.0014 0.0012 0.0014 0.0018 0.002 0.001 0.0018 0.0008 0.0004 0.0002 0.0008 0.0002 0 0.0002 0.0006 0.0008 0.0006 0.0008 0.001 0.0002 0.0008 0.0002 0.0004 0.0006 0.001 0.0004 0.0006 0.0002 0 0.0016 0.0014 0.0016 0.0018 0.002 0.0012 0.0034 0.0024 0.0028 0.003 0.0028 0.0026 0.0032 0.002 0.0012 0.0006 0.0008 0.0004 0.0006 0.0008 0.001 0.0014 0.0006 0.0004 0.0004 0.0006 0.0002 0.0016 0.0018 0.0016 0.0018 0.0022 0.0024 0.0022 0.0016 0.0022 0.002 0.0018 0.0014 0.0012 0.0006 0.0008 0.001 0.0008 0.002 0.0018 0.0026 0.0028 0.0026 0.0032 0.0034 0.004 0.0022 0.0014 0.0016 0.0026 0.0002 0.0004 0.0002 0.0004 0.0006 0.0018 0.0016 0.0014 0.0016 0.0014 0.0012 0.0016 0.0004 0 0.0002 0.0004 0.0004 0.0006 0.0002 0.001 0.0006 0.0008 0.001 0.0002 0.0014 0.001 0.0004 0.0008 0.0016 0.0014 0.0022 0.0024 0.003 0.0026 0.0032 0.0036 0.004 0.0038 0.003 0.005 0.0054 0.0056 0.0054 0.0062 0.0064 0.007 0.0074 0.0066 0.0072 0.0068 0.007 0.0066 0.0056 0.0062 0.005 0.0054 0.0052 0.0054 0.0056 0.0048 0.0056 0.0058 0.006 0.0062 0.0058 0.005 0.0056 0.0058 0.0076 0.008 0.0074 0.0064 0.008 0.0076 0.008 0.0088 0.0064 0.0048 0.0038 0.0026 0.0032 0.003 0.0028 0.003 0.0034 0.0036 0.0016 0.0014 0.0012 0.0018 
0.0072 0.0068 0.007 0.0066 0.0068 0.0064 0.0066 0.006 0.0056 0.0054 0.0062 0.0058 0.0078 0.0074 0.0068 0.0066 0.007 0.0076 0.0078 0.0082 0.0078 0.0072 0.0066 0.0068 0.0066 0.0072 0.008 0.0084 0.0088 0.0086 0.0084 0.009 0.0096 0.01 0.0104 0.01 0.0104 0.0116 0.0134 0.0132 0.0122 0.012 0.0116 0.012 0.0082 0.0094 0.009 0.01 0.0102 0.01 0.0104 0.0102 0.0096 0.01 0.0108 0.0114 0.0116 0.0124 0.0128 0.0138 0.0136 0.0138 0.0136 0.014 0.0152 0.0154 0.016 0.0158 0.0148 0.0164 0.0174 0.0172 0.0168 0.017 0.0166 0.0168 0.016 0.0162 0.0164 0.0166 0.0164 0.0148 0.0146 0.0154 0.0156 0.0152 0.016 0.0164 0.0168 0.0166 0.0184 0.019 0.0188 0.0184 0.0188 0.0186 0.0192 0.019 0.0194 0.0182 0.019 0.0184 0.0176 0.0184 0.0186 0.0188 0.0186 0.019 0.0188 0.0186 0.0188 0.0202 0.0206 0.0204 0.0202 0.0206 0.0208 0.021 0.0206 0.0204 0.0206 0.021 0.0208 0.0216 0.0222 0.0218 0.022 0.0214 0.0208 0.021 0.0206 0.0202 0.02 0.0202 0.0198 0.0178 0.0158 0.0156 0.0162 0.0156 0.0158 0.0154 0.0156 0.0174 0.0178 0.0176 0.017 0.0174 0.016 0.0138 0.0136 0.0138 0.0136 0.0132 0.0136 0.014 0.013 0.0128 0.013 0.0138 0.0134 0.0144 0.0154 0.0156 0.0152 0.0156 0.0158 0.0154 0.0162 0.0158 0.0156 0.0148 0.015 0.0152 0.016 0.015 0.016 0.0162 0.0186 0.0184 0.0196 0.0194 0.02 0.0174 0.0172 0.0176 0.0174 0.0172 0.0176 0.0174 0.0176 0.0174 0.0176 0.0174 0.0166 0.0162 0.0168 0.017 0.0166 0.017 
0.0054 0.0052 0.005 0.0052 0.0054 0.0056 0.0058 0.0054 0.006 0.0056 0.006 0.007 0.0072 0.0062 0.007 0.0066 0.0068 0.0066 0.0076 0.008 0.0074 0.0084 0.0078 0.0064 0.007 0.0072 0.0074 0.0086 0.0084 0.0088 0.0084 0.0086 0.0084 0.0086 0.008 0.0086 0.0078 0.008 0.0082 0.008 0.0076 0.0088 0.0086 0.0088 0.0094 0.01 0.0106 0.0108 0.0106 0.0104 0.0102 0.0106 0.0118 0.0102 0.0106 0.0102 0.0104 0.0102 0.0094 0.0096 0.008 0.0078 0.0082 0.0078 0.0082 0.008 0.0078 0.0076 0.0074 0.0064 0.0054 0.0066 0.0064 0.0066 0.0068 0.006 0.0064 0.0068 0.0064 0.0068 0.008 0.0078 0.008 0.0082 0.008 0.0084 0.0082 0.008 0.0082 0.0084 0.008 0.0092 0.0096 0.0086 0.01 0.011 0.0108 0.0106 0.0112 0.0118 0.012 0.0116 0.0112 0.0114 0.0126 0.012 0.0118 0.0122 0.0136 0.0138 0.0124 0.0114 0.0118 0.012 0.0122 0.012 0.0114 0.0106 0.011 0.0112 0.011 0.0112 0.0118 0.0126 0.0132 0.0134 0.0126 0.0152 0.0154 0.0156 0.0158 0.0166 0.0164 0.0166 0.016 0.0166 0.0172 0.017 0.0168 0.017 0.0166 0.0152 0.016 0.015 0.0146 0.0154 0.015 0.0148 0.0146 0.0142 0.0146 0.0152 0.0156 0.0158 0.0154 0.015 0.0158 0.016 0.0168 0.0176 0.0166 0.0162 0.0168 0.017 0.0172 0.0176 0.0186 0.0188 0.0186 0.0176 0.0168 0.0154 0.0156 0.0164 0.0162 0.016 0.0158 0.0176 0.017 0.0168 0.0166 0.0168 0.017 0.0172 0.0166 0.017 0.018 0.0182 0.019 0.0202 0.0206 0.021 0.0216 0.0204 0.021 0.0206 0.02 0.0198 0.0192 0.0194 
0.017 0.016 0.0164 0.0166 0.0172 0.0176 0.017 0.0172 0.0174 0.0172 0.0174 0.0172 0.0178 0.0176 0.018 0.0182 0.019 0.0184 0.0186 0.0174 0.0176 0.0174 0.0172 0.017 0.0172 0.0174 0.017 0.0172 0.017 0.0172 0.017 0.0168 0.0156 0.016 0.0156 0.0154 0.0158 0.0156 0.0162 0.0168 0.017 0.0168 0.017 0.0168 0.017 0.0168 0.0164 0.0168 0.017 0.0176 0.016 0.0158 0.016 0.0162 0.0164 0.0174 0.0176 0.019 0.0198 0.02 0.0198 0.0202 0.0196 0.0188 0.019 0.0184 0.0192 0.019 0.017 0.016 0.0158 0.016 0.014 0.0142 0.0144 0.0146 0.015 0.0152 0.0154 0.0152 0.0148 0.0146 0.0134 0.013 0.0126 0.0106 0.0102 0.0098 0.0104 0.0092 0.0094 0.0096 0.0094 0.0098 0.0106 0.0104 0.0108 0.011 0.0114 0.0136 0.0138 0.0144 0.0146 0.0152 0.0146 0.0144 0.0136 0.014 0.0138 0.0136 0.0138 0.012 0.0124 0.012 0.0124 0.0116 0.0114 0.0112 0.011 0.0112 0.011 0.0106 0.01 0.0102 0.0098 0.011 0.0114 0.0128 0.0136 0.0146 0.0144 0.0126 0.0118 0.0114 0.0116 0.0114 0.0112 0.011 0.0112 0.0118 0.0116 0.0122 0.0126 0.0132 0.014 0.0144 0.0148 0.0146 0.014 0.0136 0.0142 0.014 0.0136 0.0138 0.0136 0.013 0.0132 0.0134 0.0144 0.0142 0.014 0.013 0.0132 0.0136 0.0134 0.0136 0.013 0.0132 0.0138 0.0146 0.0148 0.015 0.0152 0.015 0.0146 0.0144 0.0136 0.0138 0.014 0.0142 0.0144 0.014 0.0132 0.0122 0.012 0.0134 0.0138 0.014 0.0138 0.0136 0.0138 0.0136 0.0142 0.014 0.0138 0.0134 0.014 0.0138 0.014 0.0142 
