GenerationWay J H KbT size SingleStep
0 1 0 2.48 100 1000000001
-1 -1 -1 1 -1 -1 -1 -1 1 1 -1 -1 1 -1 -1 -1 -1 -1 -1 -1 -1 -1 -1 -1 -1 -1 1 1 1 1 1 1 1 1 1 -1 1 1 1 1 1 1 1 1 1 1 1 1 1 1 -1 -1 -1 -1 -1 1 1 1 -1 -1 -1 -1 1 1 1 1 -1 -1 -1 -1 -1 -1 1 -1 1 1 1 -1 -1 -1 -1 -1 -1 -1 -1 1 1 -1 -1 -1 -1 -1 -1 -1 1 -1 -1 -1 -1 -1 
-1 -1 1 1 -1 -1 -1 -1 1 1 1 -1 -1 -1 -1 -1 -1 -1 -1 -1 1 1 -1 -1 -1 1 1 1 1 1 1 -1 -1 -1 -1 -1 -1 1 1 1 1 1 -1 1 1 1 1 1 1 1 -1 -1 -1 -1 -1 -1 -1 -1 1 -1 -1 1 1 1 -1 -1 1 -1 -1 -1 -1 -1 1 1 1 1 1 1 -1 -1 -1 -1 -1 -1 -1 -1 -1 -1 1 1 1 -1 -1 -1 -1 -1 -1 -1 -1 -1 
1 -1 1 1 1 1 1 1 -1 -1 -1 -1 -1 -1 -1 -1 -1 -1 -1 -1 -1 -1 -1 -1 1 1 1 1 1 1 -1 -1 -1 -1 -1 -1 -1 -1 -1 -1 -1 -1 -1 -1 1 1 1 -1 -1 1 1 -1 1 1 1 -1 -1 -1 -1 -1 -1 -1 1 1 -1 -1 -1 -1 -1 -1 -1 -1 -1 1 -1 1 1 -1 -1 -1 -1 -1 -1 -1 -1 1 -1 -1 1 1 -1 -1 -1 -1 -1 -1 1 -1 -1 1 
1 1 1 1 1 1 1 1 1 1 -1 -1 -1 -1 -1 -1 1 1 1 1 1 -1 -1 -1 -1 -1 1 1 1 1 1 1 -1 -1 -1 -1 -1 -1 -1 -1 -1 1 1 1 1 1 1 -1 -1 1 1 -1 1 1 1 -1 -1 -1 -1 -1 -1 1 1 -1 -1 -1 -1 -1 -1 1 -1 -1 -1 -1 -1 -1 -1 -1 -1 -1 -1 -1 -1 1 -1 1 -1 -1 -1 -1 -1 1 -1 -1 -1 1 1 1 1 1 
1 1 1 1 1 1 1 1 1 1 -1 -1 -1 -1 -1 -1 -1 -1 1 1 1 -1 -1 -1 -1 1 1 1 1 1 1 -1 1 -1 -1 -1 -1 1 -1 1 1 -1 -1 1 1 1 1 -1 -1 1 1 1 -1 1 1 1 -1 -1 -1 -1 -1 1 -1 -1 -1 1 -1 -1 -1 -1 -1 1 1 -1 -1 -1 -1 -1 -1 -1 -1 -1 -1 -1 -1 -1 -1 -1 -1 -1 1 1 -1 -1 -1 -1 -1 1 1 1 
-1 -1 1 1 1 1 -1 1 1 -1 -1 -1 1 1 1 1 1 -1 -1 1 1 -1 -1 -1 -1 1 -1 -1 1 1 1 1 1 -1 -1 -1 -1 1 -1 1 -1 -1 1 1 1 -1 1 1 -1 -1 1 1 1 1 1 1 1 -1 1 -1 -1 -1 -1 -1 -1 -1 -1 -1 -1 -1 -1 -1 -1 -1 -1 -1 -1 -1 1 -1 -1 -1 -1 -1 -1 -1 1 -1 -1 1 -1 1 1 1 -1 1 1 1 -1 1 
-1 -1 -1 1 1 1 1 1 -1 -1 -1 -1 1 1 1 -1 1 1 1 1 1 -1 -1 -1 -1 -1 -1 -1 1 1 -1 -1 1 -1 1 1 -1 -1 1 1 1 1 1 1 -1 1 1 1 -1 -1 1 1 1 1 1 1 1 -1 -1 -1 1 -1 -1 -1 -1 -1 -1 -1 -1 -1 -1 1 -1 -1 -1 -1 -1 -1 1 1 -1 -1 -1 -1 -1 -1 -1 -1 -1 1 1 1 1 1 1 1 1 1 -1 1 
-1 -1 -1 -1 1 1 1 1 1 1 -1 -1 -1 1 -1 -1 1 1 -1 -1 -1 1 -1 -1 1 -1 -1 -1 1 1 1 -1 -1 -1 1 1 -1 -1 1 -1 1 1 1 -1 -1 1 -1 1 -1 1 1 1 1 1 -1 -1 -1 -1 -1 1 -1 1 1 1 1 -1 -1 -1 -1 -1 1 1 -1 -1 -1 -1 -1 -1 -1 -1 -1 -1 1 -1 -1 1 1 -1 -1 1 1 1 1 1 1 1 1 1 -1 -1 
-1 -1 -1 -1 1 1 1 1 -1 -1 -1 -1 -1 -1 -1 1 1 1 -1 -1 -1 -1 -1 -1 -1 -1 -1 1 1 1 -1 -1 -1 -1 -1 -1 -1 -1 -1 -1 -1 -1 -1 -1 -1 1 1 1 1 1 1 1 1 1 -1 -1 -1 -1 1 1 1 1 1 -1 -1 1 1 -1 -1 -1 -1 1 -1 -1 -1 -1 -1 -1 -1 -1 -1 -1 1 1 -1 -1 -1 1 -1 -1 -1 1 1 1 1 1 1 -1 -1 -1 
-1 -1 -1 -1 -1 1 1 -1 -1 -1 -1 -1 -1 -1 -1 -1 -1 -1 -1 -1 -1 -1 1 -1 -1 -1 -1 -1 1 1 -1 -1 -1 1 -1 -1 -1 -1 -1 -1 -1 -1 -1 -1 -1 1 1 1 1 -1 1 -1 -1 -1 -1 -1 -1 1 1 1 1 1 1 -1 -1 -1 1 -1 -1 -1 -1 -1 -1 -1 1 -1 -1 -1 -1 -1 -1 -1 1 1 1 1 1 1 -1 -1 1 1 1 1 1 1 -1 -1 -1 -1 
1 -1 -1 -1 1 1 1 1 -1 -1 -1 1 1 1 -1 -1 -1 -1 -1 -1 -1 -1 1 1 1 1 -1 -1 1 1 1 -1 -1 -1 -1 -1 -1 -1 -1 1 1 1 1 -1 -1 1 1 1 -1 -1 -1 -1 -1 -1 -1 -1 -1 1 1 1 1 1 1 -1 -1 -1 -1 -1 1 -1 -1 -1 -1 -1 1 -1 1 -1 -1 -1 -1 -1 -1 -1 1 1 1 1 -1 -1 1 1 1 1 -1 -1 1 1 1 -1 
-1 -1 -1 1 1 1 1 1 1 -1 -1 -1 -1 -1 -1 -1 -1 -1 -1 -1 -1 1 1 1 1 -1 -1 -1 -1 -1 1 -1 -1 -1 -1 -1 1 -1 -1 1 1 1 1 -1 -1 1 -1 -1 -1 -1 -1 -1 -1 -1 -1 -1 1 -1 1 1 1 1 -1 -1 -1 -1 -1 -1 -1 -1 1 1 -1 -1 1 -1 1 -1 -1 -1 -1 -1 -1 1 1 1 1 1 -1 -1 -1 1 1 -1 -1 -1 -1 1 -1 -1 
-1 -1 -1 1 1 1 1 -1 1 1 -1 -1 -1 -1 -1 1 1 -1 -1 -1 -1 1 1 1 -1 -1 -1 -1 -1 1 1 -1 -1 -1 -1 1 1 -1 1 1 1 1 1 -1 1 -1 1 -1 -1 -1 -1 -1 -1 1 -1 1 1 -1 -1 1 1 1 -1 -1 -1 -1 -1 1 1 1 1 -1 -1 1 1 -1 -1 -1 -1 -1 -1 -1 -1 1 1 1 -1 -1 1 -1 -1 1 1 1 -1 -1 -1 1 -1 -1 
1 -1 -1 -1 -1 1 1 -1 1 -1 -1 -1 1 -1 1 -1 -1 -1 -1 -1 1 1 -1 1 -1 -1 -1 -1 -1 1 1 -1 -1 -1 -1 1 -1 -1 1 1 1 1 1 -1 -1 -1 -1 -1 -1 -1 -1 -1 -1 -1 -1 -1 1 -1 -1 1 1 -1 -1 -1 -1 1 1 1 -1 -1 -1 -1 -1 1 -1 -1 -1 -1 -1 -1 -1 -1 -1 1 -1 1 -1 -1 -1 -1 -1 -1 1 1 -1 -1 -1 1 -1 -1 
-1 -1 1 1 1 1 1 1 1 1 1 -1 -1 -1 -1 -1 -1 -1 -1 -1 1 1 1 1 1 -1 1 -1 -1 -1 -1 -1 -1 1 -1 -1 -1 -1 1 1 1 1 1 1 -1 -1 -1 -1 -1 -1 -1 -1 -1 -1 1 -1 -1 -1 -1 -1 1 1 -1 -1 -1 1 1 1 -1 1 1 -1 -1 -1 1 1 -1 -1 -1 -1 -1 -1 -1 -1 -1 -1 -1 1 1 -1 -1 -1 1 1 1 1 -1 1 -1 -1 
-1 -1 1 1 1 1 1 -1 -1 1 -1 -1 -1 -1 -1 -1 -1 -1 -1 -1 1 1 1 1 1 1 -1 -1 -1 -1 -1 -1 1 -1 -1 -1 -1 -1 -1 -1 -1 1 1 1 -1 -1 -1 -1 -1 -1 -1 -1 -1 1 1 -1 1 1 -1 1 1 1 1 -1 -1 -1 1 1 1 -1 -1 -1 -1 -1 1 1 -1 -1 -1 -1 -1 1 1 -1 -1 -1 -1 1 1 1 -1 -1 1 1 1 1 -1 -1 -1 -1 
1 -1 1 -1 1 1 1 1 1 1 -1 -1 -1 -1 -1 -1 -1 -1 -1 1 1 1 1 1 -1 1 -1 1 -1 -1 -1 -1 1 -1 -1 -1 -1 -1 -1 -1 -1 1 1 1 -1 -1 -1 -1 -1 -1 -1 -1 -1 1 1 -1 -1 1 1 1 1 1 1 -1 -1 -1 1 1 1 1 1 -1 -1 -1 1 1 1 -1 -1 -1 -1 -1 -1 -1 -1 1 -1 -1 1 1 1 1 1 1 1 1 1 1 1 1 
1 -1 1 1 1 1 1 1 1 1 1 -1 1 -1 -1 -1 -1 -1 -1 -1 1 1 1 -1 -1 1 1 1 -1 -1 1 -1 -1 -1 -1 -1 -1 -1 -1 -1 -1 -1 1 1 -1 -1 1 1 1 1 -1 -1 -1 1 1 1 -1 1 1 1 1 1 1 -1 -1 1 1 1 1 1 -1 -1 -1 -1 1 -1 -1 -1 1 -1 -1 -1 -1 -1 -1 -1 -1 -1 1 1 1 -1 -1 -1 1 1 1 1 -1 1 
1 1 1 1 1 1 1 1 1 1 1 1 1 1 -1 1 -1 -1 1 1 1 1 1 1 1 1 1 1 1 -1 1 -1 1 -1 -1 1 -1 -1 -1 -1 -1 -1 -1 -1 -1 1 1 1 1 1 -1 -1 1 1 1 -1 -1 1 -1 1 1 1 -1 1 1 -1 1 1 1 -1 -1 -1 -1 -1 -1 -1 -1 1 1 -1 1 -1 -1 -1 -1 -1 -1 -1 1 1 1 -1 1 1 1 1 1 1 -1 1 
1 1 1 1 1 1 1 1 -1 -1 -1 -1 1 1 1 1 -1 1 1 1 1 1 1 -1 -1 1 1 1 1 -1 1 -1 -1 -1 1 1 -1 -1 -1 -1 -1 -1 -1 -1 -1 -1 -1 -1 -1 -1 -1 1 1 1 -1 1 1 1 1 1 -1 -1 -1 -1 1 -1 -1 -1 -1 -1 -1 -1 -1 -1 -1 -1 -1 1 1 1 1 1 1 1 -1 -1 -1 -1 -1 -1 -1 -1 1 1 1 1 -1 1 1 1 
1 1 1 1 1 -1 -1 -1 -1 -1 -1 1 1 1 1 1 -1 1 1 1 1 -1 1 1 1 1 1 1 1 -1 -1 -1 -1 1 1 1 -1 -1 -1 -1 -1 -1 -1 -1 -1 -1 1 1 -1 -1 -1 1 1 -1 -1 1 1 1 1 -1 -1 -1 -1 -1 1 1 1 -1 -1 -1 1 -1 -1 1 1 1 1 1 -1 1 1 1 1 1 1 -1 -1 -1 -1 -1 -1 1 -1 1 -1 -1 -1 -1 1 1 
1 1 1 -1 1 1 1 -1 -1 -1 -1 -1 1 1 1 1 1 1 1 1 1 1 1 -1 -1 -1 1 1 1 1 1 -1 -1 -1 -1 1 1 -1 -1 -1 -1 -1 -1 1 -1 -1 1 1 1 1 1 1 1 1 1 1 1 1 1 1 -1 -1 1 1 1 1 1 -1 1 1 1 -1 -1 -1 -1 -1 1 1 -1 -1 1 1 1 1 1 -1 -1 -1 -1 -1 -1 1 -1 -1 -1 -1 -1 -1 -1 -1 
1 1 1 1 1 1 1 -1 1 1 1 1 1 1 1 1 1 1 1 1 1 1 1 -1 1 -1 1 1 1 -1 1 -1 -1 -1 1 1 1 1 -1 1 1 -1 1 -1 -1 -1 -1 1 1 1 1 1 -1 -1 -1 1 1 1 1 1 -1 1 1 1 1 1 1 -1 -1 1 1 -1 -1 -1 -1 1 1 1 1 -1 1 1 -1 -1 -1 -1 -1 -1 -1 -1 1 -1 -1 -1 -1 -1 -1 -1 1 1 
1 1 1 -1 -1 -1 -1 -1 1 1 1 1 1 1 1 1 1 1 1 1 1 1 1 -1 -1 1 1 1 1 1 1 1 1 -1 1 1 1 -1 -1 1 1 1 1 1 1 -1 -1 1 1 1 -1 -1 -1 -1 -1 -1 1 1 1 1 1 1 -1 1 -1 1 -1 -1 1 1 -1 -1 -1 -1 -1 -1 1 1 1 -1 1 1 -1 -1 -1 -1 -1 -1 -1 -1 -1 -1 -1 -1 -1 -1 -1 -1 1 1 
-1 -1 -1 -1 -1 -1 1 1 1 1 1 -1 1 1 1 1 1 -1 1 1 -1 1 1 1 1 1 1 1 1 1 1 1 1 1 1 1 1 1 -1 1 1 1 1 1 1 1 1 -1 -1 1 1 1 -1 -1 1 1 1 1 -1 -1 -1 1 1 1 -1 -1 -1 -1 -1 -1 -1 -1 -1 -1 -1 -1 -1 -1 -1 -1 -1 -1 -1 -1 -1 -1 -1 -1 -1 -1 -1 1 -1 -1 -1 -1 -1 1 1 1 
1 1 1 1 -1 -1 1 1 1 1 1 1 1 1 1 -1 1 1 1 -1 -1 1 1 1 1 1 -1 1 1 1 1 1 1 1 1 -1 1 1 1 1 1 1 1 1 1 1 -1 -1 -1 1 1 -1 -1 1 -1 1 1 1 -1 1 -1 -1 1 -1 -1 -1 -1 -1 -1 -1 -1 -1 1 1 1 -1 -1 -1 -1 -1 -1 -1 -1 -1 -1 -1 -1 -1 -1 1 -1 1 1 1 -1 -1 -1 1 1 1 
1 1 -1 -1 -1 -1 1 -1 1 1 1 -1 -1 1 1 -1 1 1 1 -1 1 1 -1 1 1 1 -1 1 1 1 -1 1 1 1 1 -1 1 1 -1 1 1 -1 1 -1 1 1 -1 -1 1 1 1 -1 -1 1 1 1 1 1 -1 -1 -1 -1 1 -1 -1 -1 -1 -1 -1 -1 -1 -1 1 1 1 -1 -1 -1 -1 -1 -1 -1 -1 -1 -1 -1 -1 -1 -1 -1 1 1 1 1 -1 -1 -1 1 1 1 
-1 -1 -1 -1 -1 -1 1 1 1 1 1 -1 -1 -1 1 -1 1 -1 -1 1 1 1 1 1 1 -1 1 1 1 -1 -1 1 1 1 1 1 -1 -1 -1 1 1 1 1 -1 1 1 -1 1 1 1 1 -1 -1 -1 1 1 1 1 -1 -1 1 1 1 1 1 1 -1 -1 -1 -1 -1 -1 1 1 1 1 1 -1 -1 -1 -1 -1 -1 -1 1 1 1 1 1 -1 1 -1 -1 1 1 -1 -1 -1 -1 -1 
1 1 1 -1 -1 1 -1 -1 1 1 1 1 -1 -1 1 1 1 -1 -1 -1 -1 1 1 1 1 1 1 1 1 -1 -1 1 1 -1 1 -1 1 1 -1 -1 -1 -1 1 1 1 -1 -1 1 1 1 1 -1 1 -1 -1 1 1 1 -1 1 1 1 1 -1 -1 1 -1 -1 -1 -1 -1 -1 1 1 1 -1 -1 -1 -1 -1 -1 -1 -1 -1 -1 -1 1 1 -1 -1 -1 -1 -1 1 1 1 -1 -1 -1 -1 
-1 -1 -1 -1 -1 -1 -1 -1 1 1 1 1 1 1 1 1 -1 -1 -1 -1 -1 -1 1 1 -1 -1 1 -1 -1 -1 -1 -1 -1 1 1 1 1 1 1 -1 -1 1 -1 -1 1 1 1 1 1 1 1 -1 -1 -1 -1 -1 1 1 -1 -1 -1 1 1 1 1 -1 -1 -1 1 -1 -1 -1 -1 -1 -1 1 -1 -1 -1 -1 -1 -1 -1 -1 -1 -1 -1 -1 1 1 1 1 1 1 1 1 1 -1 -1 -1 
-1 -1 -1 -1 -1 -1 1 1 1 1 1 1 -1 1 1 1 -1 -1 -1 -1 -1 -1 -1 -1 -1 -1 -1 1 -1 -1 -1 -1 -1 -1 -1 -1 1 1 -1 1 1 1 -1 -1 -1 -1 1 1 1 1 1 1 -1 -1 1 1 1 -1 -1 -1 -1 -1 1 1 1 1 -1 -1 -1 -1 1 -1 -1 -1 -1 -1 1 1 1 -1 -1 -1 -1 -1 1 1 -1 -1 1 1 -1 -1 1 1 1 1 -1 -1 -1 1 
-1 -1 -1 -1 1 1 -1 1 1 1 -1 -1 -1 -1 1 1 1 1 -1 -1 1 1 -1 -1 -1 -1 -1 1 1 -1 -1 -1 -1 -1 -1 -1 -1 -1 -1 1 1 1 -1 1 1 -1 1 1 1 1 1 1 1 1 1 1 1 -1 1 -1 -1 1 -1 1 1 1 1 -1 -1 1 -1 -1 -1 -1 -1 -1 1 1 1 1 1 1 1 -1 -1 -1 1 1 1 1 -1 -1 1 1 1 1 -1 -1 1 1 
-1 -1 -1 -1 -1 -1 -1 -1 1 1 -1 -1 -1 -1 1 1 1 1 1 -1 -1 1 -1 -1 1 -1 -1 -1 1 -1 -1 -1 -1 -1 -1 -1 -1 -1 -1 1 1 1 1 1 1 1 1 1 1 1 1 1 1 1 1 1 -1 1 1 1 -1 -1 -1 1 1 1 1 1 -1 -1 -1 1 1 -1 -1 -1 1 1 1 1 1 -1 1 1 1 -1 -1 -1 1 -1 -1 -1 1 1 1 1 -1 -1 -1 -1 
-1 -1 1 -1 -1 -1 1 -1 -1 -1 -1 -1 -1 -1 1 1 1 1 -1 -1 -1 1 1 1 -1 -1 -1 -1 -1 1 -1 -1 -1 1 -1 -1 -1 -1 -1 -1 1 1 1 1 1 1 1 1 1 1 1 1 1 1 1 -1 1 1 1 -1 -1 -1 -1 1 1 -1 1 -1 1 -1 -1 -1 -1 -1 -1 -1 -1 1 1 -1 1 -1 1 1 1 1 1 -1 -1 -1 -1 -1 1 1 1 -1 -1 -1 -1 -1 
1 1 1 1 1 1 1 -1 -1 -1 -1 -1 1 -1 1 1 -1 -1 -1 -1 -1 1 1 -1 1 1 -1 -1 -1 1 -1 -1 1 1 1 -1 -1 -1 -1 -1 -1 -1 1 1 1 -1 1 -1 1 -1 1 1 1 1 1 1 1 1 1 -1 -1 -1 -1 -1 -1 -1 -1 1 1 1 -1 -1 -1 -1 -1 -1 -1 -1 1 1 1 1 1 1 -1 1 1 -1 -1 -1 -1 -1 1 1 1 -1 1 1 -1 1 
-1 1 1 1 1 1 1 1 -1 -1 1 1 1 -1 -1 -1 -1 -1 1 -1 1 1 1 1 1 1 1 -1 -1 1 -1 -1 -1 1 -1 -1 -1 -1 -1 -1 -1 1 1 -1 -1 -1 1 -1 -1 -1 -1 1 -1 -1 -1 1 1 1 1 -1 -1 -1 -1 -1 -1 -1 -1 -1 1 1 1 -1 -1 -1 -1 -1 -1 -1 -1 -1 -1 1 1 1 1 -1 -1 1 -1 -1 1 1 1 1 1 -1 -1 -1 -1 1 
1 1 1 1 1 1 1 -1 -1 -1 1 -1 -1 -1 -1 -1 -1 1 -1 -1 -1 1 1 1 -1 -1 1 1 -1 1 -1 -1 -1 -1 -1 -1 -1 -1 -1 -1 1 -1 -1 -1 -1 1 1 1 1 1 1 1 1 -1 -1 -1 1 1 1 1 -1 -1 1 -1 1 -1 -1 -1 -1 1 -1 -1 -1 -1 -1 -1 -1 -1 -1 -1 -1 -1 -1 -1 -1 -1 -1 -1 -1 -1 1 1 1 -1 -1 -1 1 1 1 1 
1 1 1 1 1 1 -1 -1 -1 -1 1 -1 -1 -1 -1 -1 1 1 1 -1 1 1 -1 -1 -1 -1 -1 -1 -1 -1 1 -1 -1 -1 -1 -1 -1 -1 -1 -1 1 -1 -1 -1 -1 -1 1 1 -1 1 1 1 1 1 1 1 1 -1 -1 -1 -1 -1 1 1 1 -1 -1 -1 -1 -1 -1 -1 -1 -1 -1 1 1 -1 -1 -1 1 -1 -1 -1 -1 -1 -1 -1 -1 -1 -1 1 -1 -1 -1 -1 -1 1 1 1 
1 1 1 1 1 -1 -1 -1 -1 -1 -1 -1 -1 -1 -1 1 1 1 1 -1 -1 -1 -1 -1 -1 -1 -1 -1 -1 -1 -1 -1 -1 -1 -1 -1 -1 -1 -1 -1 -1 -1 -1 -1 -1 -1 1 1 1 -1 1 1 1 1 1 1 1 -1 -1 -1 -1 -1 1 1 1 1 -1 -1 -1 -1 -1 -1 1 -1 -1 1 1 -1 -1 -1 -1 -1 -1 -1 -1 -1 -1 1 1 1 1 1 -1 -1 -1 -1 -1 -1 1 -1 
-1 1 1 1 1 -1 -1 -1 -1 -1 -1 -1 -1 -1 -1 1 1 1 1 -1 -1 -1 -1 -1 -1 -1 -1 1 1 -1 -1 -1 -1 -1 -1 -1 -1 -1 -1 -1 -1 -1 -1 -1 -1 -1 -1 1 1 -1 1 1 1 1 1 1 1 -1 -1 -1 -1 -1 -1 -1 1 1 1 -1 -1 -1 -1 -1 1 -1 -1 -1 1 -1 -1 -1 -1 -1 -1 -1 -1 -1 -1 -1 1 1 1 1 -1 -1 -1 -1 -1 -1 -1 -1 
1 1 1 1 1 -1 -1 -1 -1 -1 -1 -1 -1 1 1 -1 -1 1 1 -1 1 -1 1 -1 -1 1 -1 -1 -1 -1 -1 -1 -1 -1 -1 -1 -1 -1 -1 -1 -1 -1 1 1 -1 -1 -1 1 1 1 1 1 1 1 -1 -1 -1 -1 -1 -1 -1 -1 -1 -1 1 1 1 -1 -1 1 -1 -1 -1 1 -1 -1 1 1 1 1 1 -1 1 -1 -1 1 -1 1 -1 1 -1 -1 -1 -1 -1 -1 -1 -1 -1 -1 
1 -1 -1 1 -1 -1 -1 -1 -1 -1 -1 -1 1 -1 1 1 1 1 1 1 1 1 1 -1 -1 1 -1 -1 1 1 1 1 -1 -1 -1 -1 -1 -1 -1 -1 -1 1 1 1 -1 -1 1 -1 -1 -1 1 1 1 1 1 1 1 1 -1 -1 -1 -1 -1 -1 1 1 1 1 -1 -1 -1 -1 1 1 1 -1 -1 1 1 1 1 -1 -1 -1 -1 -1 -1 1 -1 -1 -1 -1 -1 -1 -1 -1 -1 -1 -1 1 
-1 -1 1 1 1 1 -1 -1 -1 -1 -1 1 1 1 1 1 1 1 1 -1 1 1 1 1 1 1 1 1 1 1 1 -1 -1 -1 -1 -1 -1 -1 -1 -1 -1 -1 -1 -1 -1 1 1 1 1 -1 1 1 -1 1 1 -1 -1 -1 -1 -1 -1 1 -1 1 1 1 1 1 -1 -1 -1 1 1 1 1 -1 1 1 1 1 1 -1 -1 -1 -1 -1 1 1 1 -1 -1 -1 -1 -1 -1 1 -1 1 -1 -1 
-1 -1 1 1 1 1 1 1 -1 -1 -1 -1 -1 -1 -1 1 1 1 -1 1 -1 1 1 1 1 1 1 1 1 -1 -1 -1 -1 -1 -1 1 -1 -1 -1 -1 1 -1 -1 1 1 1 -1 -1 1 1 1 -1 1 1 -1 -1 -1 -1 -1 -1 -1 -1 -1 1 1 1 1 1 -1 1 1 1 1 1 1 1 1 1 1 1 -1 -1 -1 1 1 1 1 1 -1 1 1 1 -1 -1 -1 -1 -1 1 -1 -1 
-1 -1 1 1 1 1 1 1 -1 -1 -1 -1 -1 -1 -1 -1 -1 1 -1 1 1 1 1 1 1 1 1 1 1 -1 1 1 -1 -1 -1 1 1 1 -1 -1 -1 1 -1 1 1 1 1 1 1 1 1 -1 1 1 -1 -1 -1 -1 -1 -1 1 1 -1 1 1 1 1 1 1 1 1 1 1 1 1 1 1 1 -1 1 1 -1 -1 1 1 1 1 1 -1 -1 -1 -1 -1 1 1 1 -1 1 1 -1 
-1 -1 1 1 1 1 1 1 1 1 -1 -1 -1 -1 -1 -1 -1 1 1 1 -1 1 1 1 1 1 -1 1 1 1 1 1 1 -1 -1 -1 -1 -1 1 -1 -1 1 1 1 -1 1 1 1 1 1 1 1 1 1 -1 -1 -1 -1 -1 -1 -1 -1 -1 -1 -1 1 1 1 1 1 -1 1 1 1 1 1 1 1 1 1 1 1 -1 -1 1 1 1 1 1 1 1 -1 1 -1 -1 1 -1 -1 -1 -1 
1 1 1 1 1 -1 1 -1 1 1 -1 -1 1 1 -1 -1 -1 -1 -1 -1 -1 1 1 -1 -1 -1 -1 1 1 1 1 1 1 1 1 1 -1 -1 -1 -1 -1 -1 1 1 1 1 1 1 1 1 1 1 1 1 -1 -1 -1 -1 -1 -1 -1 1 -1 -1 -1 1 1 1 1 1 1 -1 -1 -1 1 1 1 1 1 1 1 1 -1 -1 -1 1 1 1 1 -1 1 1 1 1 1 1 1 -1 -1 -1 
-1 1 1 1 1 1 1 -1 -1 1 1 1 1 1 -1 -1 -1 -1 -1 -1 1 1 1 -1 1 -1 1 1 1 1 1 1 1 1 1 1 1 -1 -1 -1 -1 -1 1 1 1 1 -1 -1 1 1 1 1 1 1 1 -1 -1 -1 -1 -1 -1 1 1 -1 -1 1 1 1 1 1 1 -1 1 1 1 1 1 1 1 1 -1 1 -1 -1 -1 1 1 1 1 1 1 1 1 1 1 1 1 -1 -1 1 
-1 -1 -1 1 1 1 1 -1 -1 1 1 1 -1 -1 -1 -1 -1 -1 -1 -1 1 1 1 1 -1 -1 -1 1 1 1 -1 -1 -1 1 1 1 1 -1 -1 -1 -1 -1 1 1 -1 -1 -1 -1 1 1 1 1 1 1 1 -1 -1 -1 -1 -1 -1 -1 -1 1 -1 1 1 1 -1 -1 -1 -1 -1 1 -1 1 1 1 1 -1 1 1 1 1 1 1 1 1 -1 1 1 1 1 1 1 1 -1 -1 -1 1 
-1 1 1 1 1 -1 -1 -1 -1 -1 -1 -1 -1 -1 -1 -1 -1 -1 -1 1 1 1 -1 -1 1 1 -1 -1 -1 -1 -1 -1 -1 -1 -1 -1 -1 -1 -1 -1 -1 -1 1 1 1 1 -1 -1 1 1 1 1 1 1 -1 1 1 1 -1 -1 -1 -1 -1 -1 -1 1 1 1 -1 1 1 1 1 1 1 1 1 1 1 -1 1 1 1 1 1 1 1 1 -1 1 1 1 1 -1 1 -1 -1 -1 1 1 
-1 1 1 1 -1 -1 -1 -1 1 -1 -1 -1 -1 -1 -1 -1 -1 -1 1 1 1 1 1 1 1 1 1 1 1 -1 1 1 1 -1 -1 -1 -1 -1 -1 -1 -1 -1 -1 1 1 1 1 1 1 1 1 1 1 1 1 1 1 1 1 1 1 1 -1 -1 -1 -1 1 1 1 1 1 1 1 1 1 1 -1 -1 1 -1 1 1 -1 1 1 1 1 1 1 -1 1 1 1 1 1 1 1 -1 -1 -1 
-1 -1 -1 -1 -1 -1 -1 -1 1 1 1 1 1 -1 -1 -1 -1 -1 1 1 1 1 1 1 1 1 -1 1 1 1 1 1 1 -1 -1 -1 -1 -1 1 1 -1 1 -1 -1 1 1 1 1 1 1 1 1 -1 1 1 1 -1 1 1 1 1 1 1 1 1 1 1 1 1 1 1 1 1 1 1 1 1 -1 1 1 1 1 -1 1 1 1 1 1 1 1 1 1 1 1 1 1 1 -1 1 1 
1 -1 -1 1 -1 -1 1 1 1 1 1 1 1 1 -1 -1 -1 1 1 1 1 1 1 1 1 1 1 1 1 1 1 -1 1 -1 -1 -1 -1 -1 1 1 1 1 -1 -1 -1 1 1 -1 -1 1 1 -1 -1 1 -1 -1 1 1 -1 1 1 1 1 1 1 1 1 1 1 1 1 1 1 1 1 1 1 1 1 -1 1 -1 -1 1 1 1 1 1 1 1 1 1 1 1 1 1 1 1 1 1 
-1 -1 1 1 1 1 1 1 1 1 1 1 1 -1 -1 -1 -1 -1 1 -1 -1 1 1 1 1 1 1 1 1 1 1 -1 -1 -1 1 1 -1 -1 1 1 1 1 1 1 1 1 1 1 -1 1 -1 -1 1 1 1 -1 -1 1 -1 1 1 1 1 -1 1 1 1 1 1 1 1 1 1 1 1 1 1 1 1 1 1 -1 -1 1 1 1 1 -1 1 1 1 1 1 1 1 1 1 1 1 1 
-1 -1 1 1 1 1 1 1 1 1 1 1 1 -1 -1 -1 1 -1 -1 1 -1 1 1 1 1 1 1 1 1 -1 -1 -1 -1 -1 -1 -1 1 1 1 1 1 1 1 1 1 1 1 1 1 1 -1 -1 1 1 1 1 -1 1 1 1 1 1 1 -1 1 -1 -1 1 1 1 1 1 1 1 1 1 1 1 1 1 1 -1 -1 -1 -1 1 1 1 1 1 1 1 1 1 1 1 1 1 -1 -1 
-1 1 1 1 1 1 1 -1 -1 1 -1 1 1 -1 -1 -1 1 -1 -1 -1 -1 -1 -1 1 1 1 -1 -1 -1 -1 -1 1 -1 -1 -1 -1 -1 1 1 1 1 1 1 1 1 1 1 1 1 1 -1 -1 1 1 1 1 1 1 1 1 1 1 1 -1 -1 -1 -1 1 1 1 1 1 1 1 1 1 1 1 1 1 1 1 -1 -1 -1 -1 1 1 1 1 1 1 1 1 1 1 1 -1 -1 1 
1 1 -1 -1 1 1 1 1 -1 -1 -1 1 -1 -1 -1 -1 1 1 1 -1 -1 -1 -1 -1 -1 -1 -1 -1 -1 -1 -1 -1 -1 -1 1 1 1 1 1 1 1 1 1 1 1 -1 1 1 1 1 1 1 1 1 1 1 1 1 1 1 1 1 1 1 1 -1 -1 1 1 1 1 1 1 1 1 1 1 1 1 1 1 1 1 1 1 1 1 1 1 1 -1 1 -1 1 1 1 1 1 1 1 
1 1 -1 -1 1 1 1 1 1 -1 -1 1 1 1 -1 -1 1 1 1 -1 1 1 1 -1 -1 -1 -1 -1 1 -1 -1 -1 1 1 1 1 -1 1 1 -1 1 1 -1 -1 1 1 1 1 1 1 1 1 1 1 -1 1 1 1 -1 1 1 1 1 1 1 1 1 1 1 1 1 1 1 1 1 1 1 1 1 1 1 1 1 1 1 1 1 1 -1 -1 -1 -1 -1 -1 1 -1 -1 -1 1 -1 
-1 -1 -1 -1 1 1 1 1 1 -1 -1 1 1 1 1 1 1 1 1 1 1 -1 -1 -1 -1 -1 -1 -1 -1 -1 -1 -1 1 -1 1 -1 1 1 1 -1 -1 1 1 1 1 1 1 1 1 1 1 1 1 1 1 1 1 1 1 1 1 1 1 1 1 -1 1 -1 -1 1 1 1 -1 -1 1 1 1 -1 1 1 1 1 1 1 -1 1 1 -1 -1 -1 -1 -1 -1 -1 -1 -1 -1 1 1 1 
-1 -1 -1 1 1 1 1 1 1 -1 -1 -1 -1 1 1 1 1 1 1 1 1 -1 -1 -1 -1 -1 -1 -1 -1 -1 1 -1 -1 -1 1 1 1 1 1 -1 -1 -1 -1 1 1 1 1 1 -1 1 1 1 1 1 1 1 -1 -1 -1 1 1 1 1 1 1 1 1 1 1 1 1 1 -1 1 1 1 1 1 1 1 1 1 1 1 1 1 -1 1 1 -1 -1 -1 -1 -1 -1 -1 -1 1 1 1 
1 -1 1 1 1 1 1 1 1 -1 -1 -1 -1 1 1 1 1 1 -1 -1 -1 -1 -1 -1 -1 -1 -1 -1 -1 -1 -1 -1 -1 -1 -1 -1 -1 1 1 1 1 1 -1 1 -1 -1 -1 -1 -1 -1 -1 -1 -1 -1 1 1 1 -1 -1 1 1 1 -1 1 1 1 1 1 1 1 -1 1 1 1 1 1 1 1 1 1 -1 -1 1 1 1 1 -1 -1 -1 -1 1 1 -1 -1 1 1 1 1 1 1 
1 -1 1 1 1 1 1 1 1 -1 -1 -1 1 1 1 1 1 1 -1 -1 -1 -1 -1 -1 -1 -1 -1 -1 -1 -1 -1 1 1 -1 -1 -1 -1 1 1 -1 -1 1 1 1 1 -1 -1 -1 -1 -1 -1 1 -1 -1 -1 -1 1 1 -1 1 1 1 1 1 1 -1 -1 1 1 1 1 1 1 1 1 1 1 1 1 -1 -1 -1 1 1 1 1 -1 -1 -1 -1 1 1 -1 1 1 1 1 1 1 1 
1 -1 -1 1 1 1 1 1 1 1 1 -1 -1 1 1 1 1 -1 -1 1 -1 -1 -1 -1 -1 -1 -1 -1 1 1 1 1 1 -1 -1 -1 -1 -1 -1 -1 -1 -1 1 1 1 1 1 -1 -1 -1 1 -1 -1 -1 -1 -1 -1 1 -1 -1 1 -1 1 1 -1 -1 -1 1 1 1 -1 1 1 1 -1 -1 -1 1 -1 -1 -1 -1 1 1 1 1 1 -1 -1 1 1 1 1 1 1 1 1 1 1 1 
1 -1 1 1 1 1 1 1 1 1 1 -1 1 1 1 1 1 -1 -1 -1 -1 -1 -1 -1 -1 1 1 -1 1 -1 1 1 -1 -1 -1 -1 1 -1 -1 -1 -1 -1 1 1 1 1 -1 1 -1 -1 -1 -1 -1 -1 -1 -1 -1 1 1 -1 -1 -1 -1 1 1 1 -1 -1 1 -1 -1 1 1 1 -1 -1 -1 -1 -1 -1 -1 1 1 -1 1 1 1 -1 1 -1 1 -1 1 1 1 1 -1 1 1 1 
1 1 1 1 1 1 1 1 1 1 1 1 1 1 1 1 -1 -1 -1 1 -1 -1 -1 -1 -1 -1 1 1 -1 -1 -1 -1 -1 -1 1 -1 -1 -1 -1 1 1 1 1 1 1 1 -1 -1 -1 1 -1 -1 -1 -1 -1 1 1 1 1 -1 -1 -1 -1 -1 -1 1 1 -1 -1 -1 1 1 1 1 1 -1 -1 -1 -1 -1 -1 -1 1 1 1 1 -1 -1 -1 -1 1 1 1 -1 -1 -1 -1 -1 1 1 
1 1 1 1 1 1 1 1 1 1 1 1 1 1 -1 -1 -1 1 1 1 -1 -1 -1 -1 -1 -1 1 -1 1 1 -1 -1 -1 1 1 1 -1 -1 -1 1 1 1 1 -1 1 -1 -1 -1 -1 -1 -1 -1 1 -1 -1 1 1 1 1 -1 -1 -1 -1 -1 -1 1 1 -1 -1 -1 1 1 1 1 1 -1 1 1 -1 -1 -1 -1 -1 -1 1 -1 -1 -1 -1 1 -1 -1 -1 -1 -1 -1 -1 -1 -1 1 
1 -1 1 1 1 1 1 1 1 1 1 -1 -1 -1 1 -1 1 1 1 -1 1 1 -1 -1 -1 -1 1 1 1 1 -1 -1 -1 1 -1 -1 -1 -1 1 1 1 1 1 -1 -1 1 -1 -1 -1 -1 -1 -1 1 1 -1 -1 -1 1 -1 1 1 1 -1 -1 -1 -1 1 1 1 -1 -1 1 1 1 -1 -1 1 -1 -1 -1 -1 1 1 1 1 -1 -1 -1 -1 -1 -1 -1 1 1 -1 -1 -1 -1 -1 -1 
1 -1 1 1 1 1 1 1 1 1 -1 -1 -1 -1 1 1 1 -1 1 -1 1 1 -1 1 1 -1 1 1 1 1 1 1 1 1 -1 -1 -1 -1 -1 -1 -1 1 1 1 -1 -1 1 1 -1 -1 -1 1 1 1 1 1 1 1 -1 -1 1 1 -1 -1 1 1 1 1 1 1 -1 -1 -1 1 1 1 1 1 -1 1 1 1 1 1 1 1 -1 1 -1 1 1 1 1 1 -1 -1 -1 -1 -1 -1 
1 1 1 1 1 1 1 1 1 -1 -1 -1 1 -1 -1 1 -1 -1 -1 -1 1 -1 -1 1 1 1 1 1 1 1 1 1 1 1 -1 -1 -1 -1 -1 -1 1 1 1 1 1 1 1 1 1 -1 1 1 1 1 1 1 1 1 -1 1 1 1 -1 -1 -1 1 1 1 1 1 1 1 -1 1 -1 -1 1 1 -1 -1 -1 -1 -1 -1 1 -1 -1 -1 -1 -1 1 -1 1 1 1 -1 1 -1 -1 -1 
1 1 1 1 1 1 1 1 1 -1 1 -1 -1 -1 -1 1 -1 -1 -1 1 1 -1 -1 1 1 1 1 1 1 1 1 1 1 1 -1 -1 -1 -1 -1 -1 1 -1 -1 1 1 1 1 1 1 1 1 1 1 1 1 1 1 1 -1 1 1 -1 1 -1 -1 1 1 1 1 1 1 1 -1 1 1 -1 1 1 1 1 -1 -1 -1 -1 -1 -1 1 1 1 1 1 1 1 1 -1 1 1 -1 -1 1 
-1 -1 1 1 1 1 1 1 1 1 1 -1 -1 -1 1 1 -1 -1 -1 -1 1 -1 -1 1 1 1 -1 -1 -1 -1 1 1 1 1 -1 1 -1 -1 -1 -1 1 -1 -1 -1 1 1 -1 -1 1 1 1 -1 1 1 1 1 1 -1 -1 -1 -1 -1 1 1 1 1 1 1 1 -1 1 1 -1 1 1 1 1 1 1 1 -1 -1 -1 1 1 1 1 1 -1 1 1 1 1 1 1 1 1 1 1 1 
-1 -1 1 1 1 -1 1 1 1 1 1 -1 -1 -1 -1 -1 -1 -1 -1 -1 -1 1 -1 1 1 1 1 -1 1 -1 -1 1 1 1 1 -1 -1 1 -1 -1 -1 -1 -1 -1 -1 -1 -1 -1 1 1 1 -1 1 -1 -1 -1 -1 -1 -1 -1 -1 1 1 1 1 1 1 1 1 -1 1 1 1 1 1 1 1 -1 -1 1 -1 -1 -1 -1 1 1 -1 -1 -1 -1 -1 1 1 1 -1 -1 -1 -1 1 -1 
-1 1 1 1 1 -1 1 1 1 1 -1 -1 -1 -1 -1 -1 1 -1 -1 -1 -1 -1 -1 1 1 1 -1 -1 -1 -1 -1 -1 1 1 -1 -1 -1 1 -1 -1 -1 -1 -1 1 -1 -1 -1 -1 -1 1 1 1 1 -1 1 1 -1 -1 -1 1 1 1 1 1 1 1 1 1 1 1 1 -1 1 1 1 1 1 -1 1 -1 1 -1 -1 1 1 -1 -1 1 -1 -1 -1 -1 -1 -1 -1 -1 -1 -1 1 -1 
-1 -1 1 -1 1 -1 -1 -1 -1 -1 -1 -1 -1 -1 -1 -1 -1 -1 -1 -1 -1 -1 1 1 1 -1 -1 -1 -1 -1 1 1 1 -1 -1 -1 -1 -1 -1 -1 -1 -1 -1 -1 1 1 1 1 1 -1 1 1 1 -1 1 1 -1 -1 -1 -1 1 1 1 1 1 1 1 1 1 1 1 -1 -1 1 1 1 1 1 1 1 1 -1 -1 -1 -1 -1 -1 1 1 -1 -1 -1 -1 -1 -1 -1 -1 1 1 1 
-1 -1 -1 -1 -1 -1 -1 -1 -1 -1 -1 1 -1 -1 -1 -1 1 1 -1 -1 1 1 1 1 1 -1 -1 -1 1 -1 1 1 -1 -1 -1 -1 -1 -1 -1 -1 -1 -1 -1 -1 -1 1 1 1 1 1 1 1 1 -1 -1 -1 -1 -1 -1 -1 1 1 1 1 -1 -1 1 1 1 1 1 1 1 -1 -1 1 1 1 1 1 -1 -1 -1 -1 -1 -1 -1 -1 -1 -1 -1 -1 -1 1 1 -1 -1 -1 -1 1 
-1 -1 -1 -1 -1 -1 1 -1 -1 -1 1 1 -1 -1 -1 -1 1 1 -1 -1 1 1 1 1 -1 -1 -1 -1 1 1 1 1 -1 -1 -1 -1 -1 1 -1 -1 -1 -1 -1 -1 -1 -1 -1 1 1 1 1 1 -1 -1 -1 1 1 1 1 1 1 1 -1 1 -1 -1 1 1 1 1 1 1 1 1 1 1 1 -1 1 1 1 -1 -1 -1 -1 -1 -1 -1 1 1 -1 -1 1 1 1 1 1 1 1 1 
-1 -1 -1 -1 1 1 1 1 -1 -1 -1 1 -1 -1 -1 1 1 -1 -1 -1 -1 1 1 1 -1 -1 -1 -1 1 1 1 1 -1 -1 -1 -1 -1 -1 -1 1 1 1 1 1 -1 -1 -1 -1 -1 -1 1 1 1 -1 -1 -1 -1 1 -1 -1 -1 -1 -1 1 -1 -1 1 1 1 -1 1 -1 1 1 1 1 1 1 1 1 1 -1 -1 -1 -1 -1 -1 -1 1 -1 -1 -1 1 -1 1 1 -1 -1 1 1 
-1 1 1 1 1 1 1 -1 -1 -1 1 -1 -1 -1 1 1 1 -1 -1 -1 1 1 1 1 -1 -1 -1 1 1 -1 1 -1 1 1 -1 -1 -1 1 1 1 1 -1 -1 1 -1 -1 -1 -1 -1 -1 -1 -1 1 -1 -1 1 -1 -1 -1 -1 -1 -1 -1 1 1 1 1 -1 1 1 1 1 1 1 1 1 1 1 1 -1 -1 -1 -1 -1 -1 -1 -1 1 1 1 1 1 1 -1 -1 -1 1 -1 1 1 
1 -1 1 -1 1 -1 -1 -1 -1 1 1 -1 -1 -1 1 1 1 1 -1 -1 -1 -1 -1 -1 -1 -1 1 1 1 -1 1 -1 1 1 1 -1 -1 -1 -1 -1 -1 -1 1 1 1 -1 -1 -1 -1 1 -1 -1 -1 -1 1 1 1 -1 -1 -1 1 -1 -1 1 -1 1 1 1 1 1 1 1 1 -1 -1 1 -1 1 1 1 -1 1 1 -1 -1 -1 1 1 1 1 1 1 1 1 1 1 1 1 1 1 
1 1 -1 1 1 -1 -1 1 1 1 1 -1 -1 -1 1 1 1 1 1 -1 -1 -1 -1 -1 -1 -1 -1 -1 -1 -1 1 1 -1 1 1 -1 -1 -1 -1 -1 -1 1 1 1 1 -1 -1 1 1 -1 -1 -1 1 1 1 1 -1 -1 -1 -1 -1 -1 -1 1 1 1 -1 1 1 1 1 1 1 1 1 1 -1 -1 -1 1 1 -1 -1 -1 -1 -1 -1 -1 1 1 1 1 1 1 1 1 -1 1 1 1 
-1 1 1 1 1 1 1 -1 -1 1 -1 1 -1 -1 1 -1 -1 -1 -1 -1 1 -1 -1 -1 -1 -1 -1 -1 -1 1 1 1 1 1 1 -1 1 -1 -1 -1 -1 -1 -1 1 -1 1 -1 -1 1 -1 -1 1 1 1 -1 -1 -1 1 -1 -1 -1 -1 -1 -1 1 1 1 1 1 1 1 1 1 1 1 -1 1 -1 -1 1 1 1 1 -1 -1 1 -1 -1 -1 1 -1 -1 1 1 1 1 1 1 -1 1 
1 -1 -1 -1 1 1 1 1 -1 -1 -1 -1 -1 -1 1 -1 -1 -1 1 1 1 -1 -1 -1 -1 -1 -1 -1 -1 -1 -1 -1 1 -1 -1 -1 -1 -1 -1 -1 -1 1 1 1 1 1 -1 1 1 1 1 1 1 1 1 -1 -1 1 -1 -1 -1 -1 -1 -1 -1 1 1 1 1 1 -1 1 1 1 -1 -1 -1 -1 -1 1 1 1 1 -1 1 -1 -1 -1 -1 -1 -1 -1 1 1 1 -1 1 1 -1 -1 
-1 -1 -1 -1 1 1 1 1 1 -1 -1 -1 -1 -1 1 1 -1 -1 1 1 -1 -1 -1 -1 -1 -1 -1 -1 -1 -1 1 -1 1 1 -1 -1 -1 -1 -1 -1 -1 1 1 1 1 1 -1 -1 -1 1 1 1 1 1 1 1 1 1 -1 -1 -1 -1 -1 -1 -1 -1 -1 1 1 1 -1 -1 -1 -1 -1 -1 1 -1 -1 1 1 1 1 1 1 1 1 1 -1 -1 -1 1 1 1 1 1 1 1 -1 -1 
-1 -1 -1 -1 1 1 1 1 1 1 -1 -1 -1 -1 -1 -1 -1 -1 -1 1 -1 -1 -1 -1 1 -1 -1 -1 -1 -1 -1 -1 -1 -1 -1 -1 -1 -1 -1 1 -1 -1 -1 1 1 -1 -1 1 -1 -1 1 -1 -1 1 1 1 -1 -1 -1 -1 -1 -1 -1 -1 -1 -1 1 1 1 1 -1 -1 -1 -1 -1 -1 -1 1 1 1 1 1 1 1 1 1 1 1 -1 -1 -1 -1 -1 1 1 1 -1 -1 -1 -1 
-1 -1 -1 -1 1 1 1 1 1 1 -1 -1 -1 -1 -1 -1 -1 -1 -1 1 -1 -1 -1 -1 1 1 1 1 1 -1 -1 -1 -1 -1 -1 -1 -1 1 -1 -1 -1 1 -1 1 1 -1 -1 1 -1 -1 1 1 -1 -1 1 1 -1 -1 -1 -1 -1 -1 1 1 -1 -1 1 1 1 1 -1 -1 -1 -1 1 1 1 -1 1 1 1 1 1 1 1 1 1 1 -1 -1 -1 -1 -1 1 1 1 -1 -1 -1 -1 
-1 -1 -1 1 1 -1 1 -1 -1 -1 -1 -1 -1 -1 -1 -1 -1 1 1 1 1 -1 -1 -1 -1 -1 -1 -1 1 -1 -1 -1 -1 -1 -1 -1 -1 1 -1 -1 1 1 -1 -1 1 1 -1 1 1 -1 1 1 1 -1 1 1 -1 -1 -1 -1 -1 -1 -1 -1 -1 1 1 1 1 1 -1 -1 -1 1 1 1 1 -1 1 1 -1 1 -1 1 1 1 1 1 -1 -1 -1 -1 -1 -1 -1 1 -1 -1 -1 -1 
-1 -1 -1 -1 1 -1 -1 -1 1 -1 -1 -1 -1 -1 -1 -1 -1 1 -1 1 1 -1 -1 -1 -1 -1 -1 1 1 -1 -1 -1 -1 -1 -1 -1 1 1 1 -1 -1 -1 1 -1 1 -1 -1 1 1 1 1 1 1 -1 1 1 -1 -1 -1 -1 1 1 1 -1 -1 1 1 1 1 1 -1 1 -1 1 1 1 1 1 1 1 1 1 1 1 1 1 1 1 1 -1 -1 -1 -1 -1 -1 -1 -1 -1 -1 1 
-1 -1 -1 1 1 -1 1 -1 1 -1 -1 -1 1 1 1 -1 -1 -1 -1 -1 1 -1 1 -1 -1 -1 -1 -1 -1 -1 -1 -1 -1 -1 1 -1 -1 1 1 -1 -1 -1 -1 -1 -1 -1 -1 1 1 1 1 1 -1 -1 1 1 1 1 1 1 1 1 1 1 -1 1 1 1 1 1 1 1 1 1 1 1 1 1 1 1 1 1 1 1 -1 -1 1 1 1 1 1 1 -1 -1 1 -1 -1 1 1 1 
1 -1 1 1 1 1 1 1 1 -1 -1 -1 1 -1 1 -1 -1 -1 1 -1 -1 1 -1 -1 -1 -1 1 -1 -1 -1 -1 -1 -1 -1 1 1 1 1 1 1 1 1 -1 -1 -1 -1 -1 -1 1 1 1 1 -1 -1 -1 -1 1 1 1 1 1 1 1 1 -1 1 1 1 1 1 1 1 1 1 1 1 1 1 1 1 1 1 1 1 -1 1 1 1 1 1 1 1 1 1 1 1 1 1 1 1 
1 -1 -1 1 1 1 1 1 1 1 -1 -1 -1 -1 -1 -1 -1 -1 -1 -1 -1 -1 -1 -1 -1 -1 -1 -1 -1 -1 -1 -1 -1 -1 -1 -1 -1 1 1 1 1 1 -1 -1 -1 1 -1 -1 1 -1 1 1 -1 -1 -1 1 1 1 -1 1 1 1 1 1 1 1 1 1 1 1 1 1 -1 1 1 -1 1 1 1 1 1 1 1 1 1 1 1 1 1 1 1 1 1 1 1 1 1 1 1 1 
1 1 1 1 1 1 1 1 1 1 -1 -1 -1 -1 -1 -1 -1 -1 -1 -1 -1 1 -1 -1 -1 -1 -1 -1 -1 -1 -1 -1 -1 -1 -1 -1 1 1 1 1 1 -1 -1 -1 -1 1 1 1 1 1 1 1 1 -1 -1 -1 -1 -1 -1 1 1 1 1 1 1 1 1 1 1 1 1 1 1 1 1 1 1 -1 -1 -1 1 1 1 1 1 1 1 1 1 1 1 1 1 1 1 1 1 1 1 1 
1 1 1 1 1 1 1 1 -1 1 1 1 -1 -1 -1 -1 -1 -1 -1 -1 -1 -1 1 -1 -1 -1 -1 -1 -1 -1 -1 1 -1 -1 -1 -1 1 1 1 -1 -1 1 1 -1 -1 1 1 1 -1 -1 1 1 1 -1 -1 -1 -1 -1 -1 1 1 1 1 1 -1 -1 1 1 1 1 1 1 1 1 -1 -1 -1 -1 -1 -1 1 1 1 1 1 1 1 1 1 1 -1 1 1 1 1 1 1 1 1 1 
-1 1 1 1 1 1 1 1 1 1 1 1 -1 -1 -1 -1 -1 -1 -1 -1 -1 -1 1 1 1 -1 -1 -1 1 -1 -1 -1 1 1 1 1 1 -1 1 -1 -1 1 1 1 1 1 1 -1 -1 1 -1 1 -1 -1 1 -1 -1 -1 1 1 1 -1 1 1 -1 -1 -1 1 1 1 1 1 -1 -1 -1 -1 -1 -1 -1 1 -1 1 -1 1 1 1 1 1 1 1 -1 1 1 1 1 1 1 1 1 -1 
-1 1 1 1 1 1 1 1 1 -1 1 -1 -1 -1 -1 -1 -1 -1 -1 1 1 -1 1 1 1 -1 1 -1 1 1 1 1 1 1 1 1 1 1 1 1 -1 -1 -1 1 -1 1 1 -1 1 1 -1 1 -1 -1 1 -1 -1 -1 1 1 -1 1 -1 1 1 -1 -1 1 1 1 1 1 -1 -1 -1 -1 -1 -1 -1 -1 -1 -1 -1 1 1 1 -1 -1 1 1 -1 1 1 1 1 1 -1 1 1 -1 
-1 1 1 1 1 1 1 1 1 -1 -1 -1 -1 -1 -1 -1 1 -1 -1 -1 1 -1 1 1 -1 1 1 1 1 1 1 1 1 1 1 1 1 1 -1 1 -1 -1 -1 1 -1 -1 -1 1 1 1 1 -1 -1 -1 -1 -1 1 1 1 1 1 1 1 1 1 1 -1 1 1 1 1 1 -1 -1 -1 -1 -1 1 -1 -1 -1 1 1 1 1 -1 -1 -1 1 -1 -1 1 1 -1 1 -1 -1 -1 -1 -1 
1 1 1 1 1 1 1 1 1 -1 -1 -1 -1 -1 -1 -1 -1 -1 -1 -1 -1 -1 1 -1 -1 1 1 1 1 1 1 1 1 1 -1 1 1 1 1 1 -1 -1 -1 -1 -1 -1 -1 -1 -1 -1 1 1 -1 -1 -1 -1 -1 -1 1 1 1 1 1 1 1 1 -1 1 1 1 1 1 1 1 1 1 -1 -1 -1 -1 -1 1 -1 -1 -1 -1 -1 -1 -1 -1 -1 1 -1 -1 1 1 -1 -1 -1 -1 
-1 -1 -1 -1 -1 -1 1 1 1 -1 -1 -1 -1 -1 -1 -1 -1 -1 -1 -1 -1 1 -1 -1 -1 1 -1 -1 1 1 -1 1 1 -1 -1 1 1 1 1 -1 -1 -1 -1 1 1 1 -1 -1 -1 1 1 1 1 -1 1 1 -1 -1 1 1 1 -1 -1 -1 1 1 1 1 1 1 -1 1 1 1 1 1 -1 -1 -1 -1 -1 -1 -1 -1 -1 -1 -1 -1 -1 -1 -1 1 -1 -1 1 1 -1 -1 -1 -1 
-1 -1 -1 -1 -1 -1 1 1 -1 -1 -1 -1 -1 -1 -1 -1 -1 -1 -1 -1 -1 -1 -1 -1 -1 -1 1 1 -1 -1 -1 -1 1 1 -1 -1 1 1 -1 -1 1 -1 -1 -1 1 1 1 -1 -1 1 1 1 -1 -1 -1 1 -1 -1 -1 -1 1 1 -1 -1 1 1 1 1 1 1 1 1 1 1 -1 -1 -1 -1 -1 -1 -1 -1 -1 -1 -1 1 -1 -1 -1 -1 1 -1 -1 -1 -1 -1 -1 -1 -1 -1 
-1 -1 -1 1 1 -1 1 1 -1 -1 -1 -1 -1 -1 -1 -1 -1 -1 1 1 -1 -1 -1 -1 -1 1 -1 -1 -1 1 -1 -1 1 1 -1 -1 -1 -1 -1 -1 -1 -1 -1 1 1 1 1 1 1 1 1 -1 -1 -1 1 -1 -1 -1 -1 -1 1 1 1 1 1 1 1 -1 -1 -1 -1 -1 -1 -1 -1 -1 -1 -1 -1 -1 -1 -1 -1 -1 1 1 1 -1 -1 -1 -1 -1 -1 -1 -1 -1 -1 -1 -1 -1 
-1 -1 -1 1 -1 -1 1 1 -1 -1 -1 -1 -1 -1 -1 -1 -1 -1 -1 1 -1 -1 -1 -1 -1 -1 -1 -1 1 1 -1 -1 1 1 1 1 1 -1 -1 1 1 1 -1 1 1 1 -1 -1 1 -1 -1 -1 -1 -1 -1 -1 -1 -1 -1 -1 -1 1 1 1 1 1 1 -1 -1 -1 -1 -1 1 1 1 1 1 -1 -1 -1 -1 -1 -1 1 1 1 1 -1 -1 -1 -1 -1 -1 -1 -1 -1 -1 -1 -1 -1 
