GenerationWay J H KbT size SingleStep
1 1 0 2.8 100 1000000001
-1 1 1 -1 -1 -1 -1 1 1 -1 -1 1 -1 1 -1 1 1 1 1 -1 1 1 1 1 1 -1 -1 1 1 1 1 -1 -1 -1 -1 1 1 -1 -1 -1 -1 1 1 1 1 -1 -1 -1 -1 1 1 1 -1 -1 1 -1 -1 1 1 1 1 1 1 1 -1 -1 -1 -1 1 1 1 -1 -1 1 -1 1 1 -1 1 1 1 -1 -1 -1 -1 1 -1 -1 -1 1 1 1 1 1 -1 1 1 -1 -1 -1 
-1 1 1 -1 -1 -1 -1 -1 -1 -1 -1 -1 -1 -1 -1 1 1 1 1 -1 -1 1 1 1 1 1 1 1 1 -1 1 1 -1 -1 -1 1 -1 -1 -1 1 -1 -1 1 1 1 -1 -1 -1 1 1 1 1 -1 -1 1 1 1 1 1 1 1 1 -1 -1 1 1 -1 -1 -1 -1 -1 -1 -1 -1 -1 1 1 -1 1 1 1 -1 -1 -1 -1 -1 -1 -1 -1 1 1 1 1 -1 -1 -1 -1 1 -1 -1 
-1 1 1 1 1 1 1 1 -1 -1 -1 -1 -1 -1 -1 1 1 -1 -1 1 1 1 1 1 1 1 -1 -1 -1 -1 1 -1 -1 -1 1 1 -1 -1 -1 -1 -1 1 1 1 1 -1 1 1 1 1 -1 1 -1 -1 -1 -1 1 1 1 1 1 1 -1 -1 1 -1 -1 -1 1 -1 -1 -1 -1 -1 -1 -1 -1 -1 1 -1 1 -1 -1 -1 -1 -1 -1 -1 -1 -1 1 1 -1 -1 -1 1 -1 -1 -1 -1 
1 1 1 -1 1 1 1 1 -1 -1 -1 -1 -1 -1 -1 -1 1 -1 -1 -1 -1 -1 -1 1 1 1 1 -1 -1 1 1 -1 -1 1 1 1 -1 1 1 -1 -1 1 1 1 1 1 1 1 1 1 -1 1 -1 -1 -1 -1 -1 -1 1 1 1 1 1 -1 -1 -1 -1 1 1 1 1 1 -1 -1 -1 -1 -1 -1 -1 -1 -1 -1 -1 -1 -1 -1 -1 -1 1 -1 1 1 -1 -1 -1 -1 -1 -1 -1 1 
-1 1 1 1 1 1 1 -1 -1 -1 -1 -1 -1 -1 -1 -1 -1 -1 -1 -1 -1 1 -1 1 1 1 1 1 1 1 1 1 -1 -1 1 1 1 1 -1 -1 -1 1 1 1 1 1 1 1 1 1 -1 1 1 -1 -1 -1 -1 -1 1 1 -1 -1 1 -1 1 -1 1 1 1 1 1 1 -1 -1 -1 -1 1 -1 -1 -1 -1 -1 -1 -1 -1 -1 1 -1 1 1 -1 1 1 -1 -1 -1 -1 -1 -1 -1 
-1 1 1 1 1 1 1 1 1 1 -1 -1 -1 -1 -1 1 -1 1 1 -1 -1 -1 1 1 1 1 1 1 1 1 1 1 -1 -1 -1 1 1 1 1 -1 -1 -1 1 1 1 -1 1 1 1 1 1 1 1 -1 -1 -1 -1 -1 1 1 -1 -1 -1 -1 -1 -1 1 1 1 -1 -1 -1 -1 -1 -1 -1 1 1 -1 -1 -1 -1 -1 -1 1 -1 -1 -1 -1 1 -1 1 1 1 1 -1 1 -1 -1 -1 
-1 -1 1 1 1 1 -1 -1 1 1 -1 -1 -1 -1 -1 -1 -1 1 1 1 -1 1 1 1 1 1 1 1 1 1 1 1 -1 -1 -1 1 -1 -1 -1 -1 -1 -1 -1 -1 -1 1 1 1 1 1 1 1 -1 -1 -1 -1 -1 -1 -1 -1 -1 1 1 -1 -1 -1 1 -1 -1 -1 1 1 -1 -1 1 -1 1 1 1 -1 -1 -1 -1 -1 1 1 -1 -1 -1 -1 -1 1 1 1 1 1 -1 -1 -1 -1 
1 1 1 1 -1 1 -1 -1 1 1 -1 1 -1 -1 1 1 -1 -1 1 1 1 1 1 1 1 1 1 1 1 -1 1 1 1 1 1 1 1 1 -1 -1 -1 -1 1 1 1 1 -1 1 1 1 1 1 1 -1 -1 1 -1 -1 -1 -1 -1 -1 1 -1 -1 -1 -1 -1 -1 -1 1 1 -1 -1 1 1 1 1 1 1 1 -1 -1 -1 1 1 1 1 1 -1 -1 -1 -1 -1 -1 -1 -1 -1 -1 -1 
1 1 1 1 1 1 -1 -1 1 1 1 1 1 1 1 1 1 1 -1 1 1 1 1 1 1 1 1 1 1 1 1 1 1 -1 1 1 1 1 -1 1 1 1 1 1 1 1 1 1 1 1 1 1 1 1 -1 -1 -1 -1 -1 -1 -1 1 1 -1 -1 -1 -1 -1 -1 -1 -1 -1 -1 -1 -1 -1 -1 -1 1 -1 -1 -1 -1 -1 1 1 -1 -1 -1 -1 -1 -1 -1 -1 -1 -1 -1 -1 -1 1 
1 1 1 1 1 -1 -1 -1 -1 1 1 1 1 1 1 1 1 1 1 1 1 -1 1 1 -1 -1 1 -1 1 1 1 1 1 -1 -1 1 1 1 1 -1 -1 -1 1 1 1 1 1 1 1 1 -1 -1 -1 -1 -1 -1 -1 -1 1 1 1 1 1 -1 -1 -1 -1 -1 1 -1 -1 -1 1 1 -1 -1 1 -1 -1 -1 1 1 1 -1 -1 -1 1 -1 -1 -1 -1 -1 -1 -1 -1 1 -1 -1 -1 1 
-1 -1 1 1 1 -1 -1 -1 -1 1 1 1 1 1 -1 1 1 -1 -1 -1 1 -1 -1 1 1 -1 1 -1 -1 -1 1 1 1 -1 -1 1 -1 1 1 1 1 1 -1 1 1 1 1 1 1 1 1 1 1 -1 1 1 1 -1 1 1 1 1 -1 -1 -1 -1 -1 -1 -1 -1 -1 -1 1 1 1 -1 1 1 1 1 1 1 -1 -1 1 -1 1 -1 1 1 1 -1 -1 -1 1 1 -1 -1 -1 -1 
-1 -1 -1 1 1 -1 -1 -1 1 1 1 -1 1 -1 1 1 1 1 1 -1 -1 1 -1 -1 -1 -1 -1 -1 -1 -1 1 1 1 -1 1 -1 -1 -1 -1 1 1 1 -1 -1 1 1 1 1 1 1 -1 1 1 1 1 1 1 -1 -1 1 1 1 1 -1 -1 -1 -1 -1 -1 1 1 1 1 1 1 -1 -1 1 -1 -1 1 1 -1 -1 -1 -1 -1 1 1 -1 1 -1 -1 -1 -1 1 1 -1 -1 -1 
-1 -1 -1 1 -1 -1 1 -1 1 1 1 1 1 1 1 1 1 1 1 1 -1 1 1 -1 1 -1 -1 -1 1 1 1 1 1 -1 -1 -1 -1 -1 -1 -1 -1 -1 -1 1 1 1 1 1 1 1 1 1 1 1 1 1 -1 -1 1 1 1 1 1 -1 -1 -1 1 -1 -1 1 -1 1 1 1 -1 1 1 1 -1 -1 -1 1 1 -1 -1 -1 1 1 1 1 1 -1 -1 -1 1 1 -1 -1 -1 -1 
1 1 -1 1 1 1 1 1 1 1 1 1 1 1 1 1 -1 1 1 1 -1 -1 1 1 1 1 -1 -1 -1 -1 -1 -1 -1 -1 -1 -1 -1 -1 -1 1 1 -1 -1 1 1 1 1 1 1 1 1 1 1 1 -1 -1 -1 -1 -1 1 1 1 1 -1 -1 -1 1 -1 -1 -1 -1 1 1 1 -1 -1 1 -1 -1 -1 -1 1 1 -1 -1 1 1 1 -1 -1 1 1 1 1 1 1 1 -1 -1 -1 
-1 -1 1 1 1 1 -1 -1 -1 -1 1 1 1 1 1 -1 -1 1 1 1 -1 1 1 1 1 1 1 -1 1 -1 -1 -1 -1 -1 -1 1 1 1 1 1 1 1 1 1 -1 -1 1 1 1 1 1 1 1 1 -1 -1 -1 -1 -1 -1 -1 -1 -1 -1 -1 -1 -1 -1 -1 -1 -1 1 1 1 1 -1 1 1 1 1 1 1 1 1 1 1 1 1 -1 -1 -1 1 1 -1 -1 -1 -1 -1 -1 -1 
-1 1 1 1 1 1 -1 -1 -1 -1 -1 -1 1 1 1 1 -1 1 1 1 1 1 1 1 1 1 1 1 1 1 -1 -1 -1 -1 1 1 1 1 1 1 1 1 1 1 -1 -1 1 1 1 1 1 1 1 1 1 -1 -1 -1 -1 -1 -1 1 1 -1 -1 -1 -1 -1 -1 -1 1 1 1 1 1 -1 -1 1 -1 -1 1 1 1 1 1 1 -1 -1 -1 -1 -1 1 1 1 -1 -1 1 -1 1 -1 
-1 -1 1 1 1 1 -1 -1 -1 -1 1 1 1 1 -1 1 -1 1 1 1 1 1 1 1 1 1 1 1 1 1 -1 -1 -1 -1 1 1 1 1 1 1 1 1 1 -1 -1 -1 -1 -1 1 1 1 1 1 -1 -1 -1 -1 -1 -1 1 1 1 1 1 -1 -1 -1 -1 -1 -1 1 1 1 1 1 -1 -1 -1 -1 -1 1 1 1 1 1 1 -1 1 1 1 1 1 1 1 -1 -1 1 -1 1 -1 
-1 1 1 1 1 1 -1 -1 -1 -1 -1 1 1 1 1 -1 -1 1 1 1 1 1 1 1 -1 1 1 1 1 1 1 -1 -1 -1 -1 -1 1 1 1 1 1 -1 1 -1 -1 -1 1 1 1 1 1 1 1 -1 -1 -1 -1 -1 -1 1 1 1 1 1 1 1 -1 -1 1 -1 1 1 1 1 1 -1 -1 1 -1 -1 1 -1 -1 1 -1 1 1 1 1 1 1 1 1 1 -1 -1 -1 -1 1 1 
1 1 1 1 1 1 -1 -1 -1 -1 -1 -1 1 1 -1 -1 -1 -1 -1 1 1 -1 1 1 1 1 1 1 1 1 1 1 1 1 -1 -1 1 1 -1 1 1 1 1 -1 -1 -1 1 1 1 1 1 1 1 1 1 -1 1 1 -1 1 1 1 1 1 -1 1 -1 1 1 -1 -1 -1 1 1 1 -1 1 -1 -1 -1 -1 -1 -1 1 -1 1 1 1 1 1 1 -1 -1 1 1 1 1 -1 1 1 
1 1 -1 1 1 1 1 1 1 -1 1 1 1 -1 -1 -1 -1 -1 -1 -1 1 -1 -1 -1 1 1 1 -1 -1 -1 -1 1 1 1 1 1 1 1 -1 -1 -1 1 1 1 1 1 1 -1 -1 -1 1 1 1 1 1 1 1 1 1 1 1 -1 1 1 1 -1 -1 -1 -1 -1 -1 -1 -1 1 1 -1 -1 -1 -1 -1 -1 -1 1 -1 1 -1 1 1 1 -1 1 1 1 1 1 1 1 1 1 1 
1 1 1 1 1 1 1 1 1 -1 -1 -1 1 1 1 -1 1 1 -1 -1 -1 -1 -1 -1 -1 1 1 -1 -1 -1 1 -1 1 1 1 -1 -1 1 1 -1 -1 -1 -1 -1 -1 -1 -1 1 1 1 -1 1 1 1 1 1 -1 -1 1 1 1 1 1 1 1 -1 -1 -1 -1 -1 1 -1 -1 -1 -1 1 -1 -1 1 -1 -1 -1 -1 -1 -1 1 1 1 1 1 1 1 1 1 1 1 1 1 1 -1 
1 -1 1 1 -1 1 1 1 1 -1 -1 -1 1 1 1 1 -1 -1 -1 -1 -1 -1 1 -1 -1 1 1 -1 -1 -1 -1 1 1 1 -1 -1 -1 -1 1 -1 -1 -1 -1 -1 1 -1 -1 1 -1 1 1 1 -1 1 1 -1 -1 -1 -1 -1 1 1 1 1 1 -1 -1 -1 -1 1 1 -1 -1 -1 -1 1 1 -1 -1 1 -1 -1 -1 -1 -1 1 1 -1 -1 1 1 1 1 1 1 -1 1 1 1 -1 
-1 -1 -1 1 -1 -1 1 1 -1 -1 -1 -1 -1 -1 -1 -1 -1 -1 -1 -1 -1 -1 -1 -1 -1 -1 -1 -1 -1 -1 1 1 1 1 -1 -1 -1 -1 1 -1 -1 -1 1 1 1 1 -1 -1 -1 1 1 1 1 1 -1 -1 -1 1 1 1 1 1 1 -1 -1 -1 -1 1 1 1 1 1 -1 -1 1 1 1 -1 -1 -1 -1 -1 1 -1 1 1 1 1 -1 1 1 1 1 1 1 -1 1 1 1 1 
1 -1 1 1 1 1 1 1 1 -1 1 -1 -1 1 -1 -1 -1 1 1 1 1 1 1 1 -1 -1 -1 -1 -1 -1 -1 1 -1 -1 -1 1 -1 -1 -1 -1 -1 -1 -1 -1 1 1 1 -1 -1 1 1 1 1 1 1 1 -1 -1 1 1 1 1 1 1 1 -1 -1 1 1 1 -1 -1 -1 -1 1 -1 -1 1 1 -1 -1 -1 -1 1 1 1 1 1 1 1 1 1 1 -1 1 -1 -1 -1 1 1 
1 -1 1 -1 1 1 1 1 -1 -1 1 1 1 1 -1 1 1 1 1 1 1 1 -1 -1 -1 -1 1 -1 -1 -1 -1 -1 1 1 1 1 1 1 -1 -1 -1 -1 1 1 1 1 -1 -1 -1 -1 1 1 -1 -1 1 1 1 1 1 -1 -1 1 1 1 1 1 -1 1 1 1 -1 -1 -1 -1 -1 -1 1 1 1 -1 -1 -1 -1 1 1 -1 -1 1 1 1 1 1 1 1 1 1 -1 1 1 1 
1 1 -1 1 1 1 -1 -1 -1 -1 1 -1 1 1 -1 -1 -1 1 1 1 1 1 -1 -1 -1 1 -1 -1 -1 -1 -1 -1 -1 -1 -1 1 1 1 -1 -1 -1 -1 -1 1 1 1 -1 -1 -1 -1 1 1 1 1 1 1 1 1 1 1 -1 1 1 1 1 -1 -1 1 -1 -1 -1 -1 -1 -1 -1 -1 1 1 1 -1 -1 -1 1 1 1 -1 -1 -1 1 1 1 1 1 1 1 1 1 1 1 1 
1 1 -1 1 1 -1 -1 -1 -1 -1 -1 1 1 1 1 -1 -1 1 1 1 1 1 1 -1 1 1 1 1 1 -1 1 -1 -1 -1 -1 -1 1 1 1 1 -1 -1 -1 -1 1 -1 -1 -1 1 -1 -1 1 1 1 1 1 1 1 1 1 1 1 1 1 1 -1 1 -1 -1 -1 -1 -1 -1 -1 -1 -1 -1 1 1 -1 -1 1 1 1 -1 -1 -1 -1 1 -1 1 1 -1 1 1 1 1 1 1 1 
-1 1 1 1 1 1 1 -1 -1 -1 -1 -1 -1 1 1 -1 1 1 1 1 1 1 1 1 1 1 1 1 -1 -1 1 -1 -1 -1 -1 -1 1 1 -1 1 1 1 1 1 -1 -1 -1 -1 1 1 1 1 1 1 1 1 1 1 1 1 1 1 -1 1 1 1 1 1 -1 1 -1 -1 -1 -1 1 1 1 1 1 1 1 -1 -1 1 -1 -1 -1 -1 1 -1 -1 -1 -1 -1 1 1 1 1 1 1 
1 1 1 1 1 1 1 -1 -1 -1 -1 -1 -1 1 1 1 -1 1 1 1 1 1 1 1 1 1 1 1 1 -1 -1 1 -1 -1 -1 -1 1 1 1 1 1 1 -1 1 1 -1 1 1 1 1 1 1 1 1 1 1 1 1 1 1 1 1 -1 1 -1 -1 1 1 -1 -1 -1 -1 1 1 1 1 1 1 1 1 1 -1 -1 -1 1 1 -1 -1 -1 -1 -1 -1 -1 -1 1 -1 -1 1 1 1 
1 1 1 1 1 1 1 -1 1 -1 -1 1 -1 -1 -1 1 -1 -1 -1 1 1 1 1 1 -1 1 1 -1 -1 -1 1 1 -1 -1 -1 -1 1 1 1 -1 1 1 -1 1 -1 1 1 -1 -1 1 1 1 1 1 1 1 1 1 1 1 1 -1 -1 1 -1 -1 -1 1 -1 -1 -1 1 1 1 -1 1 1 -1 -1 -1 1 -1 -1 1 1 -1 -1 -1 -1 1 1 1 1 1 -1 -1 -1 -1 1 -1 
1 1 1 -1 1 1 1 -1 -1 -1 1 -1 1 -1 1 -1 -1 1 1 -1 -1 1 1 1 1 -1 1 -1 -1 -1 -1 -1 -1 -1 1 1 1 1 1 -1 1 1 -1 -1 -1 -1 -1 -1 -1 -1 1 -1 1 1 1 1 1 -1 -1 -1 -1 -1 -1 -1 1 -1 1 1 -1 -1 -1 1 1 1 1 1 1 -1 1 1 1 1 1 1 1 -1 1 1 1 1 1 1 1 -1 -1 -1 -1 -1 1 1 
1 -1 1 -1 1 1 1 -1 -1 -1 1 -1 1 1 1 -1 -1 1 1 1 -1 -1 -1 1 -1 -1 -1 -1 -1 -1 -1 -1 -1 -1 -1 -1 -1 1 1 -1 -1 -1 -1 1 -1 -1 1 -1 -1 -1 1 -1 -1 -1 -1 -1 1 -1 -1 -1 -1 -1 -1 -1 -1 -1 1 1 -1 1 1 -1 1 -1 1 -1 1 1 1 1 1 1 -1 -1 1 1 1 -1 1 1 1 1 1 -1 -1 -1 -1 1 1 1 
1 1 1 -1 1 1 1 -1 -1 1 -1 1 1 1 1 1 1 1 1 1 -1 -1 1 -1 -1 -1 -1 -1 -1 -1 1 -1 -1 -1 -1 -1 1 1 1 -1 1 1 1 1 -1 -1 1 1 1 1 1 1 -1 1 -1 1 1 -1 -1 1 1 -1 -1 1 -1 -1 1 -1 1 1 1 -1 1 1 -1 -1 -1 1 1 1 1 1 1 -1 -1 1 1 -1 -1 -1 -1 -1 -1 -1 -1 -1 -1 -1 -1 1 
-1 -1 -1 1 1 1 -1 -1 -1 1 1 1 1 1 1 1 1 1 1 1 -1 -1 -1 -1 -1 -1 -1 -1 -1 -1 -1 -1 -1 -1 -1 1 1 1 1 1 -1 1 1 1 1 -1 1 1 1 1 1 -1 -1 -1 -1 1 1 -1 -1 -1 -1 -1 1 1 -1 -1 -1 -1 -1 -1 -1 1 1 -1 1 -1 -1 -1 -1 1 -1 -1 1 1 1 1 1 1 -1 -1 -1 -1 -1 -1 -1 -1 1 -1 -1 -1 
-1 -1 -1 -1 -1 1 -1 -1 -1 -1 1 1 1 1 1 1 1 1 1 1 1 -1 -1 -1 -1 -1 1 -1 -1 -1 1 -1 -1 -1 -1 1 1 1 1 1 1 -1 -1 -1 -1 -1 1 1 1 1 1 -1 -1 -1 -1 1 1 1 -1 -1 -1 1 1 -1 -1 -1 -1 -1 -1 -1 1 1 1 1 -1 -1 -1 -1 -1 1 1 1 1 1 1 -1 1 1 1 1 -1 -1 1 1 1 -1 -1 -1 -1 -1 
-1 -1 -1 -1 -1 -1 -1 -1 -1 1 1 1 1 1 1 1 1 1 1 1 1 -1 -1 -1 -1 -1 1 -1 -1 -1 1 -1 1 -1 1 1 1 1 1 1 1 1 1 -1 -1 -1 -1 -1 1 1 1 -1 -1 -1 -1 1 -1 -1 1 -1 1 -1 -1 1 1 -1 -1 1 -1 -1 1 1 1 1 -1 1 -1 -1 1 1 1 1 1 1 1 1 -1 1 1 1 1 1 1 1 1 1 -1 -1 -1 -1 
-1 1 -1 1 1 -1 -1 -1 -1 1 1 -1 1 -1 1 1 1 1 -1 -1 -1 -1 1 -1 -1 -1 1 1 -1 -1 -1 -1 1 -1 -1 1 1 1 -1 -1 -1 -1 -1 -1 -1 1 1 -1 -1 -1 -1 -1 -1 -1 -1 1 1 -1 -1 -1 -1 1 1 -1 1 -1 -1 -1 1 -1 -1 -1 -1 -1 -1 1 1 1 -1 1 1 1 1 1 1 1 -1 -1 -1 -1 1 1 1 1 1 1 1 -1 1 -1 
1 -1 -1 1 1 -1 1 1 1 1 1 1 -1 -1 -1 -1 1 -1 1 -1 -1 -1 -1 -1 -1 -1 1 -1 -1 -1 1 1 -1 -1 -1 1 1 1 -1 -1 -1 -1 -1 -1 1 1 1 -1 -1 -1 -1 -1 1 -1 -1 1 1 1 -1 -1 -1 1 1 -1 -1 -1 -1 -1 1 -1 -1 -1 -1 -1 -1 1 -1 1 1 1 1 1 1 1 1 1 1 1 1 1 1 -1 1 1 1 1 1 -1 -1 1 
1 1 1 -1 1 -1 -1 -1 -1 1 1 1 -1 -1 1 1 1 1 1 1 -1 -1 -1 1 -1 -1 -1 -1 -1 -1 1 1 -1 -1 -1 -1 1 -1 -1 -1 -1 -1 -1 1 1 1 -1 -1 -1 -1 -1 -1 -1 1 1 1 1 1 -1 -1 -1 -1 -1 1 1 1 1 -1 -1 -1 -1 -1 -1 -1 1 1 -1 -1 -1 -1 -1 -1 -1 1 1 1 1 1 -1 -1 1 -1 -1 1 1 1 1 -1 -1 1 
1 1 1 1 1 -1 -1 -1 -1 1 1 1 1 -1 1 1 1 1 1 1 1 1 1 1 -1 -1 -1 -1 -1 -1 1 1 -1 -1 -1 -1 1 1 1 -1 -1 -1 -1 -1 -1 -1 -1 -1 -1 -1 -1 -1 -1 -1 -1 -1 1 -1 -1 -1 -1 -1 -1 -1 -1 1 1 -1 -1 -1 -1 -1 1 -1 1 1 -1 1 -1 -1 -1 -1 -1 1 1 1 1 1 1 1 1 -1 -1 -1 1 -1 1 1 1 1 
-1 -1 -1 1 1 1 1 -1 -1 1 1 1 1 1 1 1 1 1 1 1 1 1 1 -1 -1 -1 -1 -1 -1 -1 -1 1 1 -1 1 -1 -1 1 -1 1 -1 -1 -1 -1 -1 -1 -1 -1 -1 -1 1 1 -1 -1 -1 -1 -1 -1 -1 1 -1 -1 -1 1 1 1 1 -1 -1 -1 1 -1 -1 -1 1 1 -1 1 -1 -1 1 1 1 1 1 1 -1 1 -1 -1 -1 -1 -1 1 1 -1 1 1 -1 -1 
-1 -1 -1 1 1 1 1 -1 1 1 1 1 1 1 1 1 1 1 1 1 1 1 1 -1 -1 -1 -1 -1 -1 1 -1 -1 -1 -1 1 -1 -1 1 1 1 1 1 1 -1 -1 -1 1 1 -1 -1 -1 -1 -1 -1 1 -1 -1 -1 -1 1 1 -1 -1 -1 -1 -1 -1 -1 -1 -1 1 -1 -1 -1 1 1 1 1 -1 -1 1 1 1 1 1 1 -1 -1 -1 -1 -1 -1 -1 -1 -1 -1 1 -1 -1 -1 
-1 -1 -1 1 1 -1 1 -1 -1 1 1 1 1 1 1 1 1 -1 -1 1 1 1 1 1 -1 -1 -1 1 1 1 -1 1 -1 1 1 1 1 1 1 1 1 -1 -1 -1 -1 -1 1 1 1 -1 -1 -1 1 1 -1 -1 -1 -1 -1 1 -1 -1 -1 -1 -1 -1 -1 1 -1 -1 -1 1 1 1 1 1 1 1 1 -1 -1 1 1 1 1 -1 -1 1 1 1 1 -1 1 -1 -1 -1 -1 -1 -1 -1 
-1 1 1 1 -1 -1 1 1 -1 1 1 1 1 1 1 1 -1 1 1 1 1 1 1 1 -1 -1 1 1 1 1 1 1 1 1 1 1 1 1 1 -1 1 -1 -1 -1 -1 -1 -1 -1 -1 1 1 -1 -1 -1 -1 -1 -1 -1 -1 1 -1 -1 1 1 -1 -1 -1 -1 -1 -1 -1 -1 1 -1 -1 1 -1 -1 -1 -1 -1 1 1 1 1 1 1 -1 -1 -1 -1 -1 -1 1 -1 -1 -1 -1 -1 -1 
-1 1 1 1 -1 1 1 1 1 1 -1 1 1 1 1 -1 -1 -1 1 -1 -1 -1 -1 1 -1 -1 1 1 1 1 1 1 1 1 1 -1 1 -1 1 1 1 1 1 1 1 1 -1 -1 -1 1 -1 -1 -1 1 -1 1 -1 -1 -1 -1 1 -1 -1 1 -1 -1 -1 -1 -1 1 1 1 1 -1 1 -1 -1 -1 -1 1 1 1 1 1 1 1 1 -1 -1 -1 -1 -1 -1 1 -1 1 -1 -1 -1 -1 
-1 -1 1 1 -1 1 1 1 1 1 1 1 -1 1 1 -1 -1 -1 -1 1 -1 -1 -1 -1 -1 -1 1 -1 1 1 1 1 1 1 1 1 1 -1 -1 -1 -1 1 1 1 1 -1 -1 -1 -1 1 -1 -1 -1 1 1 1 -1 -1 -1 -1 1 -1 -1 1 -1 -1 -1 1 -1 1 1 1 -1 -1 -1 -1 -1 -1 -1 1 -1 1 1 1 1 1 1 1 1 1 1 1 1 1 -1 -1 -1 -1 -1 -1 
1 1 1 1 -1 1 1 1 1 1 1 1 1 1 -1 1 -1 -1 -1 -1 -1 1 1 -1 -1 -1 -1 -1 -1 -1 -1 1 1 1 1 1 -1 -1 -1 1 -1 -1 -1 1 1 1 -1 -1 1 1 1 1 1 1 -1 1 -1 -1 -1 -1 -1 1 1 1 -1 -1 1 1 1 1 1 -1 -1 -1 -1 -1 -1 -1 1 1 -1 1 1 1 -1 1 1 1 1 1 1 1 1 -1 -1 -1 -1 -1 -1 -1 
1 1 1 1 1 1 1 1 1 1 1 1 -1 -1 -1 -1 -1 1 -1 -1 1 -1 -1 1 -1 -1 -1 -1 1 -1 -1 -1 -1 -1 -1 -1 -1 -1 1 1 1 -1 -1 -1 1 1 -1 -1 1 1 1 1 1 1 -1 1 1 1 1 1 1 1 1 1 1 1 1 1 1 -1 1 1 -1 1 1 -1 -1 -1 1 1 1 1 1 1 1 1 1 1 1 1 1 1 1 -1 -1 -1 -1 -1 1 1 
1 1 -1 1 1 1 1 1 1 1 1 1 -1 -1 -1 -1 -1 -1 -1 -1 -1 -1 -1 -1 -1 -1 -1 1 1 1 -1 -1 -1 -1 1 -1 -1 -1 -1 1 -1 -1 -1 -1 1 1 1 -1 1 1 -1 -1 1 -1 -1 1 1 1 1 1 1 1 1 1 1 1 1 -1 -1 -1 -1 -1 -1 1 1 -1 -1 -1 -1 1 -1 -1 1 1 -1 1 -1 -1 1 1 1 -1 -1 1 -1 -1 -1 1 1 -1 
1 1 -1 -1 1 1 1 1 -1 1 1 1 -1 -1 -1 -1 -1 -1 -1 -1 -1 -1 1 -1 -1 -1 -1 -1 1 1 1 -1 -1 -1 -1 -1 1 1 -1 1 1 -1 -1 -1 -1 -1 -1 -1 -1 -1 -1 -1 1 -1 1 1 -1 1 -1 1 1 1 1 1 1 1 1 -1 1 -1 -1 -1 -1 1 1 1 -1 -1 -1 -1 -1 -1 1 1 1 1 1 -1 -1 -1 1 1 1 1 -1 -1 1 1 1 -1 
1 1 1 1 1 -1 -1 1 -1 -1 1 1 1 -1 -1 -1 -1 -1 -1 -1 -1 -1 1 -1 -1 1 1 1 -1 1 -1 -1 -1 -1 -1 -1 1 1 -1 1 1 -1 -1 -1 -1 1 1 1 -1 -1 1 1 1 -1 1 1 -1 1 1 1 1 1 1 -1 1 1 1 -1 -1 -1 -1 -1 -1 1 1 1 -1 -1 -1 -1 -1 -1 1 1 1 1 1 1 1 1 1 -1 -1 1 -1 -1 1 1 1 1 
1 1 1 1 1 1 1 1 1 -1 1 1 -1 -1 -1 -1 -1 -1 -1 -1 -1 -1 -1 1 1 -1 1 1 -1 -1 -1 -1 -1 -1 1 -1 -1 1 1 1 1 -1 1 -1 1 1 1 1 -1 -1 1 1 -1 1 1 1 -1 1 1 -1 1 1 1 1 1 1 1 -1 -1 1 -1 -1 1 1 1 1 1 1 -1 -1 -1 -1 1 1 1 1 -1 1 1 -1 -1 -1 -1 1 1 1 1 1 1 1 
-1 -1 1 1 1 1 -1 1 1 1 1 -1 -1 -1 -1 -1 -1 -1 -1 -1 -1 -1 -1 -1 -1 1 1 1 1 -1 -1 -1 -1 -1 1 1 -1 -1 1 1 1 -1 1 1 -1 -1 1 1 1 1 1 1 -1 -1 1 1 -1 -1 1 -1 -1 -1 -1 1 1 -1 -1 -1 1 1 -1 -1 -1 1 1 1 1 1 1 -1 -1 -1 1 -1 1 1 -1 1 1 1 -1 -1 -1 1 1 1 1 1 1 -1 
-1 -1 1 1 1 -1 1 1 1 1 1 -1 -1 -1 -1 -1 -1 -1 -1 -1 -1 -1 -1 -1 -1 -1 1 -1 -1 -1 -1 -1 -1 -1 1 -1 -1 -1 1 1 1 -1 1 -1 -1 1 1 1 1 -1 -1 1 1 1 1 1 -1 -1 1 1 1 -1 -1 -1 1 -1 1 -1 -1 -1 1 -1 1 1 1 1 -1 -1 -1 -1 -1 1 1 1 -1 -1 -1 1 1 1 -1 1 1 1 1 1 1 1 1 -1 
-1 -1 -1 -1 1 -1 1 1 1 1 1 -1 -1 1 1 -1 -1 -1 -1 -1 -1 -1 -1 -1 -1 -1 -1 -1 1 -1 -1 1 1 -1 1 1 1 -1 1 1 1 -1 -1 1 -1 -1 1 -1 -1 -1 -1 1 1 1 1 1 -1 -1 -1 -1 -1 1 1 -1 1 1 1 1 -1 -1 -1 -1 -1 -1 -1 -1 -1 -1 1 1 1 1 -1 1 1 -1 -1 -1 -1 1 1 1 1 1 1 1 1 1 -1 -1 
1 -1 -1 1 1 1 1 1 1 1 1 -1 -1 1 -1 -1 -1 -1 -1 -1 -1 -1 1 -1 -1 -1 1 1 1 1 -1 -1 -1 -1 1 1 -1 -1 1 -1 -1 -1 1 -1 -1 -1 -1 -1 -1 1 -1 1 1 -1 -1 -1 -1 -1 -1 -1 1 1 1 1 1 1 1 -1 -1 1 1 1 -1 -1 -1 -1 -1 -1 1 1 1 -1 -1 -1 1 -1 -1 -1 -1 -1 -1 1 1 1 1 1 1 1 1 1 
1 -1 -1 1 -1 1 1 -1 1 1 -1 1 -1 1 -1 -1 -1 -1 -1 -1 -1 -1 1 -1 -1 1 -1 1 1 1 -1 -1 -1 -1 1 1 1 -1 1 -1 -1 -1 1 1 1 -1 -1 -1 -1 -1 1 1 1 -1 -1 1 -1 1 1 -1 1 1 -1 1 1 1 -1 1 1 1 1 1 -1 -1 -1 -1 -1 -1 1 -1 1 -1 -1 -1 -1 -1 -1 -1 1 1 1 1 1 -1 1 1 1 1 1 1 
1 -1 -1 -1 -1 1 1 1 1 1 1 1 1 -1 -1 -1 -1 -1 -1 -1 -1 -1 -1 -1 -1 -1 -1 -1 -1 -1 -1 1 -1 -1 1 1 -1 -1 1 1 -1 -1 -1 1 1 -1 -1 -1 -1 -1 1 1 -1 -1 -1 -1 -1 1 1 -1 1 1 -1 1 1 1 -1 1 1 1 -1 -1 -1 1 -1 1 -1 -1 1 1 1 1 1 1 1 1 1 1 1 -1 1 1 1 1 1 1 1 1 1 -1 
-1 -1 -1 1 1 1 1 1 1 1 -1 -1 -1 -1 -1 -1 1 1 -1 -1 -1 -1 -1 -1 1 1 -1 -1 -1 -1 1 1 -1 -1 -1 1 -1 -1 -1 -1 -1 -1 -1 -1 -1 -1 -1 -1 -1 1 1 1 -1 -1 -1 -1 -1 -1 -1 1 1 1 1 1 1 1 1 1 -1 -1 1 1 1 -1 1 1 1 1 1 1 1 1 1 1 1 1 1 -1 -1 1 1 1 1 1 1 1 1 1 -1 -1 
-1 -1 -1 1 1 -1 1 1 1 -1 -1 -1 -1 -1 -1 1 1 1 -1 -1 -1 1 -1 1 -1 -1 1 -1 -1 -1 1 1 -1 -1 -1 1 -1 -1 -1 -1 -1 -1 -1 -1 -1 -1 -1 -1 -1 -1 -1 -1 1 1 -1 -1 -1 -1 -1 -1 -1 -1 -1 1 -1 -1 -1 -1 -1 -1 -1 1 1 1 1 1 -1 1 1 1 1 1 1 1 1 1 1 -1 -1 -1 -1 -1 1 1 1 1 1 1 -1 -1 
1 1 1 1 1 1 1 1 1 -1 -1 1 1 -1 1 1 1 1 1 1 -1 -1 1 1 -1 -1 1 -1 -1 -1 -1 1 -1 -1 -1 1 -1 -1 -1 1 -1 1 -1 1 -1 -1 -1 -1 1 1 1 1 1 1 1 1 1 -1 -1 -1 -1 -1 -1 -1 -1 -1 1 -1 -1 -1 1 1 1 1 1 1 -1 1 1 1 1 1 1 1 -1 1 1 -1 -1 -1 -1 -1 1 -1 1 1 1 1 1 1 
1 1 1 1 1 1 -1 -1 1 -1 1 1 -1 -1 1 1 1 1 1 1 1 1 1 1 1 1 -1 1 -1 -1 -1 -1 -1 1 1 1 -1 -1 -1 -1 1 1 -1 1 1 -1 1 -1 1 1 1 1 1 1 1 1 1 1 -1 -1 -1 -1 -1 -1 -1 -1 1 -1 -1 -1 -1 -1 1 1 1 1 -1 1 1 1 1 -1 -1 1 -1 1 -1 -1 -1 -1 -1 -1 -1 1 1 1 -1 1 -1 1 
1 -1 1 1 1 -1 -1 -1 -1 -1 -1 1 -1 1 1 -1 1 1 1 1 1 -1 1 1 1 1 1 -1 1 1 1 -1 -1 1 -1 1 1 -1 -1 -1 -1 -1 -1 1 1 -1 1 -1 1 1 1 1 1 1 -1 1 1 1 -1 -1 -1 -1 1 -1 -1 -1 -1 -1 -1 1 1 1 1 1 -1 -1 -1 1 -1 -1 1 1 -1 -1 -1 -1 -1 -1 -1 -1 -1 -1 -1 1 1 1 -1 -1 1 1 
1 1 1 1 1 1 -1 -1 -1 -1 -1 -1 -1 1 1 -1 -1 -1 -1 1 -1 -1 1 1 1 1 1 1 1 1 -1 -1 1 1 1 1 1 1 -1 -1 -1 1 -1 1 1 1 1 -1 1 1 -1 1 1 1 1 1 1 1 1 -1 -1 -1 -1 -1 -1 -1 -1 1 1 1 1 1 1 1 1 1 -1 -1 -1 -1 1 -1 1 -1 -1 1 1 1 1 -1 -1 -1 -1 -1 -1 -1 -1 -1 1 1 
1 1 1 1 1 1 1 1 -1 -1 -1 -1 -1 1 1 -1 -1 -1 -1 1 -1 -1 1 -1 -1 -1 -1 -1 1 -1 -1 -1 -1 1 1 -1 1 1 1 -1 -1 1 1 1 -1 -1 1 -1 -1 -1 -1 1 1 1 -1 -1 1 1 1 1 1 -1 -1 -1 -1 -1 1 1 1 1 1 1 1 1 1 1 -1 -1 -1 1 1 -1 1 1 1 -1 -1 1 1 -1 -1 -1 -1 1 1 -1 -1 1 1 1 
1 1 1 1 1 1 1 1 1 -1 -1 -1 -1 1 1 1 -1 -1 1 1 -1 -1 -1 -1 -1 -1 -1 -1 -1 -1 -1 -1 -1 -1 1 1 1 1 1 1 1 1 1 1 1 1 1 -1 -1 -1 1 1 1 -1 -1 1 1 1 1 1 1 1 1 1 1 1 1 1 1 1 1 -1 1 1 1 1 -1 -1 -1 1 1 1 1 1 1 1 -1 -1 1 1 1 -1 -1 -1 1 -1 1 -1 1 1 
1 1 1 1 1 1 1 1 -1 -1 -1 -1 -1 -1 1 -1 -1 -1 1 1 1 1 -1 -1 -1 -1 -1 -1 -1 -1 -1 1 1 1 1 1 1 1 1 1 1 1 1 1 1 -1 -1 -1 -1 -1 -1 -1 -1 1 1 1 1 1 1 1 1 1 1 1 -1 -1 -1 1 -1 1 1 -1 1 1 1 1 -1 -1 -1 -1 1 1 -1 -1 1 1 -1 -1 -1 1 -1 -1 -1 -1 1 1 -1 1 1 1 
1 1 1 1 1 -1 1 1 1 1 1 -1 -1 -1 1 1 -1 -1 1 -1 1 1 1 1 -1 -1 -1 -1 -1 -1 -1 1 -1 1 -1 1 1 1 -1 1 1 1 1 1 1 -1 -1 -1 -1 -1 -1 -1 1 1 1 1 1 1 -1 1 1 1 1 1 1 1 -1 -1 -1 1 1 1 1 -1 -1 1 -1 -1 -1 -1 1 1 1 1 1 1 1 1 -1 -1 -1 -1 -1 -1 -1 -1 -1 -1 1 1 
1 1 -1 1 -1 1 1 1 1 -1 -1 1 -1 -1 1 1 -1 -1 -1 1 -1 -1 1 -1 -1 -1 -1 -1 -1 -1 1 1 1 1 -1 1 1 1 1 -1 -1 1 1 1 1 1 1 1 1 1 -1 -1 1 1 1 1 1 1 1 1 1 1 -1 1 1 1 1 1 -1 1 1 1 1 1 1 -1 -1 -1 -1 -1 -1 1 1 1 1 1 1 1 -1 -1 -1 -1 -1 -1 -1 1 1 1 1 1 
1 1 1 1 1 1 1 1 1 -1 -1 -1 -1 -1 1 1 -1 -1 -1 1 1 1 -1 -1 -1 1 1 -1 1 1 1 1 1 1 1 1 1 -1 1 -1 1 1 1 1 1 1 -1 -1 -1 1 -1 -1 1 1 1 1 1 -1 1 1 1 1 -1 1 1 1 1 -1 -1 -1 -1 1 -1 1 -1 -1 -1 1 1 1 -1 1 1 -1 1 -1 1 1 -1 -1 -1 -1 -1 -1 1 1 1 -1 1 1 
1 1 -1 -1 -1 1 1 1 1 1 -1 -1 1 -1 1 1 -1 -1 -1 -1 1 -1 -1 1 1 1 1 1 1 1 -1 -1 -1 -1 -1 1 -1 -1 1 1 1 1 1 1 1 -1 -1 -1 -1 -1 -1 -1 1 -1 -1 1 1 1 1 1 1 1 1 1 1 1 1 1 -1 1 -1 1 -1 1 1 -1 -1 1 1 1 1 1 1 1 1 -1 -1 -1 -1 -1 -1 1 1 1 1 1 1 -1 1 1 
1 1 1 1 -1 1 1 -1 -1 1 1 -1 1 1 -1 -1 -1 -1 1 1 1 1 1 1 1 1 1 1 1 -1 1 -1 1 -1 -1 -1 1 -1 -1 1 1 1 1 1 1 1 1 -1 -1 -1 -1 -1 -1 -1 -1 1 1 1 1 1 1 1 -1 1 1 1 1 1 -1 -1 -1 -1 -1 1 1 -1 -1 1 1 1 1 -1 1 1 1 -1 -1 -1 -1 1 -1 1 1 -1 1 1 1 1 1 1 
1 1 1 1 -1 1 1 1 -1 1 1 -1 -1 -1 -1 -1 -1 1 -1 1 1 1 1 1 1 -1 -1 1 1 1 -1 -1 -1 -1 1 -1 1 1 1 -1 -1 1 -1 -1 1 -1 -1 -1 -1 -1 1 1 -1 -1 -1 1 1 -1 1 1 1 1 1 1 1 1 1 1 -1 1 -1 -1 -1 -1 -1 -1 -1 1 1 1 1 -1 -1 -1 -1 -1 -1 1 -1 -1 -1 -1 1 -1 1 1 1 1 1 1 
1 -1 -1 -1 -1 1 1 1 1 1 -1 -1 -1 -1 -1 -1 -1 1 -1 1 1 1 1 1 -1 -1 -1 1 1 1 1 1 -1 -1 -1 1 1 -1 -1 -1 -1 1 -1 -1 -1 1 1 1 -1 -1 -1 -1 -1 -1 -1 1 -1 -1 1 1 1 1 1 1 1 1 1 1 -1 -1 -1 -1 1 -1 -1 -1 -1 -1 1 1 1 1 1 -1 -1 1 1 -1 1 1 -1 -1 -1 -1 1 1 -1 -1 1 1 
1 -1 -1 -1 1 1 1 1 1 -1 -1 -1 -1 -1 1 -1 -1 -1 -1 -1 1 1 1 1 1 1 -1 -1 1 1 -1 -1 -1 -1 1 1 1 -1 -1 -1 -1 -1 -1 -1 -1 -1 1 1 1 -1 -1 -1 1 -1 -1 -1 -1 1 1 -1 -1 -1 1 1 1 1 1 1 -1 -1 -1 -1 -1 -1 -1 -1 -1 -1 1 1 1 1 1 -1 -1 -1 -1 -1 -1 -1 -1 1 1 1 1 1 1 -1 1 -1 
1 -1 -1 1 1 1 1 -1 1 -1 -1 -1 -1 1 1 1 -1 -1 -1 -1 -1 -1 1 -1 1 1 -1 -1 -1 -1 -1 -1 -1 1 1 1 -1 -1 -1 -1 -1 -1 1 -1 -1 -1 -1 -1 -1 -1 -1 1 1 -1 1 1 -1 -1 1 -1 -1 -1 1 1 -1 1 1 1 -1 1 -1 1 -1 -1 -1 1 -1 -1 1 1 1 1 1 1 -1 -1 -1 1 1 -1 1 1 1 1 1 1 -1 -1 1 -1 
1 -1 -1 1 1 1 -1 -1 -1 1 -1 1 1 -1 1 1 1 1 1 1 -1 -1 -1 1 1 -1 -1 -1 -1 -1 -1 -1 -1 -1 -1 -1 -1 -1 -1 -1 -1 -1 -1 -1 -1 -1 -1 -1 -1 -1 -1 -1 -1 -1 1 1 1 1 1 1 -1 -1 1 -1 1 1 1 1 1 1 1 1 -1 -1 -1 1 -1 1 1 1 1 1 1 1 1 -1 -1 -1 -1 -1 1 1 1 1 1 1 -1 -1 1 1 
-1 -1 1 1 -1 -1 -1 -1 -1 1 1 1 1 1 1 -1 -1 -1 1 1 -1 1 1 -1 -1 -1 -1 -1 -1 -1 -1 -1 1 1 -1 -1 -1 1 1 1 1 1 -1 1 -1 -1 1 1 1 -1 -1 -1 -1 1 -1 1 -1 1 1 1 1 1 1 -1 1 1 1 1 1 -1 1 1 -1 -1 1 1 1 1 1 1 1 -1 1 1 1 1 -1 -1 -1 -1 1 1 1 1 1 -1 -1 -1 -1 -1 
-1 -1 1 1 -1 -1 1 1 1 1 1 1 1 1 -1 -1 -1 -1 -1 -1 1 1 -1 -1 -1 -1 -1 -1 -1 -1 -1 -1 1 1 1 1 1 1 1 1 -1 -1 -1 -1 1 1 1 1 -1 1 1 1 1 1 1 1 1 1 1 1 1 1 1 -1 -1 -1 -1 1 1 -1 1 1 1 1 1 1 1 1 1 1 1 1 1 1 1 1 1 1 -1 -1 -1 -1 1 -1 -1 -1 1 -1 -1 -1 
-1 -1 1 1 1 1 1 1 1 1 1 1 1 1 1 1 1 -1 -1 -1 -1 1 1 -1 1 -1 -1 -1 1 1 1 -1 1 1 -1 1 -1 -1 1 -1 -1 -1 -1 1 1 1 1 1 1 1 -1 1 1 -1 1 1 1 1 1 1 1 1 1 -1 1 1 -1 -1 1 1 -1 1 1 1 1 1 1 1 1 1 1 1 1 1 1 1 -1 1 1 -1 -1 -1 -1 -1 -1 1 1 -1 -1 -1 
-1 -1 1 1 -1 -1 1 1 -1 -1 -1 1 1 1 1 1 1 1 1 -1 1 1 1 -1 -1 1 -1 1 1 1 1 -1 1 1 1 -1 -1 -1 -1 -1 -1 -1 1 -1 -1 1 1 1 1 1 1 -1 -1 -1 -1 1 1 1 -1 -1 1 1 1 1 -1 1 -1 -1 1 -1 -1 1 1 1 1 1 1 1 1 -1 1 1 1 -1 1 -1 -1 -1 -1 -1 -1 -1 -1 -1 -1 1 1 -1 1 1 
-1 -1 -1 1 1 1 1 1 -1 -1 -1 -1 1 -1 -1 1 1 1 1 -1 1 1 1 1 -1 1 -1 1 1 1 1 -1 -1 -1 1 1 -1 -1 -1 -1 1 -1 1 -1 -1 1 1 1 1 1 1 -1 -1 -1 -1 -1 1 1 1 1 -1 1 1 -1 -1 1 1 1 -1 -1 1 1 1 -1 1 -1 -1 -1 -1 -1 -1 1 1 1 1 -1 -1 -1 1 1 1 -1 -1 -1 -1 -1 1 1 -1 -1 
1 1 1 1 1 1 1 1 -1 -1 -1 -1 -1 1 1 1 1 1 1 -1 1 1 1 1 1 1 1 1 1 -1 1 -1 1 -1 1 -1 1 -1 -1 1 1 -1 -1 -1 1 1 1 1 -1 -1 1 -1 -1 -1 -1 -1 -1 -1 1 1 -1 -1 -1 -1 -1 -1 -1 -1 -1 -1 -1 -1 1 -1 1 1 1 -1 -1 -1 -1 1 1 1 1 -1 1 1 1 1 -1 -1 -1 -1 -1 -1 1 1 1 -1 
1 1 1 1 1 1 1 -1 -1 -1 -1 -1 -1 1 1 1 1 1 1 1 1 1 -1 -1 1 1 1 1 1 1 -1 -1 1 -1 -1 -1 -1 -1 -1 1 1 -1 -1 -1 1 1 1 -1 1 -1 -1 -1 -1 -1 -1 1 1 1 1 1 1 -1 1 -1 -1 -1 1 -1 -1 -1 1 -1 -1 -1 -1 1 -1 -1 -1 -1 -1 1 1 1 1 1 1 -1 -1 -1 -1 1 -1 1 1 -1 1 1 -1 -1 
-1 1 1 1 1 1 -1 -1 -1 -1 -1 -1 1 1 1 1 -1 -1 -1 -1 -1 1 1 -1 1 1 1 1 1 1 -1 -1 -1 -1 1 1 -1 -1 -1 1 1 -1 1 1 -1 1 1 -1 1 -1 1 -1 -1 -1 1 -1 1 1 1 1 -1 -1 1 -1 -1 -1 -1 -1 -1 -1 -1 -1 -1 -1 -1 -1 -1 -1 1 -1 -1 -1 -1 1 1 1 1 -1 -1 -1 -1 1 -1 -1 -1 -1 -1 1 -1 -1 
-1 1 1 -1 1 1 1 1 -1 -1 -1 1 1 1 1 1 -1 -1 -1 -1 -1 1 1 -1 1 1 -1 -1 -1 -1 -1 1 -1 -1 1 1 -1 -1 -1 1 1 1 1 1 1 1 1 1 1 1 1 1 -1 -1 1 1 1 -1 -1 -1 -1 1 1 -1 -1 -1 -1 -1 -1 1 -1 -1 -1 1 -1 -1 -1 -1 -1 -1 -1 -1 -1 1 1 -1 1 -1 -1 -1 -1 -1 1 1 -1 -1 -1 1 -1 -1 
-1 1 1 1 1 1 1 1 1 1 1 -1 1 1 -1 -1 -1 -1 -1 1 -1 1 1 -1 1 -1 1 1 -1 -1 -1 1 -1 -1 -1 -1 -1 -1 -1 -1 1 1 -1 1 -1 -1 1 1 1 1 1 1 -1 -1 1 1 1 -1 -1 -1 -1 -1 -1 -1 -1 -1 -1 -1 -1 -1 1 1 1 1 -1 -1 -1 1 1 -1 1 1 1 1 1 1 1 1 1 -1 -1 -1 -1 -1 1 -1 -1 -1 -1 1 
1 1 1 1 -1 -1 1 1 1 -1 1 1 1 1 -1 -1 -1 1 -1 1 -1 -1 -1 -1 1 1 1 1 1 1 -1 -1 -1 -1 -1 1 -1 -1 -1 -1 -1 -1 -1 -1 -1 -1 -1 1 1 1 1 1 -1 -1 1 1 1 -1 1 1 1 -1 -1 -1 1 1 -1 1 1 1 1 1 1 1 1 1 1 1 1 -1 -1 -1 1 1 1 1 1 1 1 -1 -1 1 1 -1 1 1 1 -1 -1 -1 
1 1 1 -1 -1 -1 1 1 -1 -1 1 1 1 -1 -1 -1 -1 1 1 1 1 1 -1 1 1 1 1 1 1 1 -1 -1 -1 -1 -1 1 1 -1 -1 1 1 -1 -1 -1 -1 -1 -1 1 1 1 1 1 1 1 1 -1 -1 -1 1 1 1 1 -1 -1 -1 1 -1 1 -1 1 -1 1 -1 1 1 1 1 1 -1 -1 -1 -1 -1 -1 1 1 -1 1 1 -1 -1 -1 -1 -1 1 1 -1 -1 -1 -1 
-1 1 1 -1 -1 -1 1 1 -1 1 1 -1 -1 -1 -1 1 1 1 1 -1 -1 -1 -1 1 1 -1 1 1 -1 -1 1 -1 -1 -1 -1 1 1 -1 1 1 1 1 -1 -1 -1 -1 1 1 1 1 1 1 1 -1 -1 -1 -1 1 1 1 -1 -1 -1 -1 1 1 -1 -1 -1 1 1 1 -1 -1 1 1 1 1 1 1 1 -1 -1 -1 1 -1 1 1 1 1 -1 -1 -1 -1 1 -1 -1 -1 -1 -1 
1 1 1 -1 -1 1 1 1 1 1 1 1 1 -1 1 1 1 -1 -1 -1 -1 -1 1 1 1 -1 1 1 1 -1 -1 -1 -1 1 1 1 1 1 1 1 -1 -1 -1 -1 -1 1 1 -1 -1 -1 -1 -1 1 1 1 -1 -1 -1 1 -1 -1 1 1 1 1 -1 -1 -1 -1 -1 1 1 -1 -1 -1 1 -1 -1 -1 -1 1 -1 -1 -1 -1 1 1 1 -1 -1 -1 -1 1 -1 1 -1 -1 -1 -1 -1 
1 1 1 -1 -1 1 1 1 1 -1 1 1 -1 -1 1 1 1 -1 -1 -1 1 1 1 1 1 -1 1 1 1 -1 -1 1 1 1 1 -1 -1 -1 -1 -1 -1 -1 -1 -1 -1 -1 1 1 1 1 -1 1 1 1 1 -1 -1 -1 1 -1 -1 -1 -1 1 -1 -1 -1 1 1 1 -1 -1 -1 -1 -1 1 -1 -1 -1 -1 -1 -1 -1 1 -1 1 1 1 -1 -1 -1 -1 -1 -1 -1 -1 -1 -1 -1 -1 
1 1 -1 -1 -1 -1 -1 -1 -1 1 -1 -1 -1 -1 1 1 1 -1 1 1 -1 1 1 1 1 1 1 -1 -1 -1 -1 1 1 -1 -1 -1 -1 -1 -1 1 -1 -1 -1 -1 -1 -1 -1 1 1 1 -1 -1 1 -1 -1 -1 -1 -1 -1 -1 -1 -1 -1 1 -1 -1 -1 1 1 1 -1 1 -1 -1 1 1 1 -1 -1 1 -1 -1 -1 1 1 1 -1 -1 -1 1 -1 -1 -1 -1 -1 -1 -1 1 -1 -1 
-1 -1 1 -1 -1 -1 -1 1 1 1 1 -1 -1 -1 1 1 1 -1 -1 1 1 1 1 1 -1 -1 -1 -1 -1 -1 1 1 -1 -1 -1 1 1 -1 1 -1 -1 -1 -1 1 1 1 1 1 1 1 -1 -1 -1 -1 1 1 1 1 1 1 -1 -1 -1 1 -1 1 1 1 -1 -1 -1 -1 -1 -1 1 1 1 -1 -1 -1 -1 -1 -1 1 -1 1 -1 -1 -1 -1 -1 -1 -1 1 1 1 1 1 -1 -1 
-1 1 1 1 1 1 -1 -1 -1 -1 1 1 1 -1 1 1 -1 -1 1 -1 1 1 1 -1 -1 -1 -1 -1 -1 1 1 1 -1 1 1 1 1 -1 -1 1 1 -1 -1 -1 1 1 1 1 1 1 -1 -1 -1 -1 1 -1 -1 -1 -1 -1 -1 -1 1 1 1 1 1 1 1 1 -1 -1 -1 -1 1 -1 -1 -1 -1 -1 -1 -1 -1 1 -1 -1 -1 -1 1 1 1 1 -1 -1 1 1 1 1 1 -1 
-1 -1 1 1 1 1 1 -1 -1 1 1 1 -1 1 1 1 1 -1 1 -1 -1 -1 1 1 1 1 -1 -1 -1 -1 -1 -1 -1 1 -1 1 1 -1 1 1 -1 -1 -1 -1 1 1 -1 -1 1 1 1 1 -1 1 1 1 -1 1 -1 -1 -1 1 1 1 1 1 1 -1 1 -1 -1 1 1 1 -1 1 -1 -1 -1 -1 -1 -1 -1 1 -1 -1 -1 -1 -1 -1 -1 -1 -1 -1 -1 1 1 1 1 -1 
-1 1 1 1 1 1 1 -1 -1 1 1 -1 -1 -1 1 1 1 1 1 -1 -1 -1 1 1 1 1 -1 -1 -1 -1 -1 1 -1 1 1 -1 -1 -1 1 1 1 1 -1 -1 1 1 1 -1 -1 1 1 1 1 1 1 -1 -1 -1 -1 -1 -1 -1 1 1 1 1 1 1 -1 -1 -1 -1 -1 1 1 1 -1 -1 -1 1 -1 -1 -1 1 1 -1 -1 -1 -1 -1 -1 -1 1 1 1 -1 1 1 1 1 
-1 1 1 1 1 1 1 1 -1 -1 -1 1 -1 -1 1 1 1 1 1 -1 1 -1 -1 -1 -1 -1 -1 -1 -1 -1 -1 1 -1 -1 1 1 1 -1 1 1 1 1 -1 -1 1 1 -1 -1 1 1 -1 1 1 -1 -1 1 1 1 1 1 1 1 1 1 -1 -1 -1 1 1 -1 -1 -1 -1 -1 -1 -1 -1 -1 1 -1 -1 -1 -1 -1 1 1 -1 -1 -1 1 1 1 1 1 1 -1 1 1 1 1 
1 1 1 1 1 1 1 1 1 -1 -1 -1 -1 -1 -1 1 -1 -1 1 -1 -1 -1 -1 -1 -1 -1 -1 1 1 1 1 1 -1 -1 1 -1 -1 1 -1 1 1 1 1 1 1 -1 -1 -1 -1 1 1 -1 1 -1 -1 -1 1 -1 -1 1 1 1 1 1 -1 -1 -1 1 1 1 1 -1 -1 1 -1 -1 -1 -1 1 -1 -1 -1 -1 -1 -1 1 1 1 1 1 1 1 1 1 -1 -1 1 1 1 1 
-1 1 -1 1 -1 1 1 1 1 -1 -1 -1 -1 -1 -1 1 1 1 1 -1 1 -1 1 1 -1 -1 -1 1 1 1 1 1 -1 -1 1 1 1 -1 -1 -1 -1 1 1 1 1 -1 -1 -1 -1 1 1 1 1 1 1 -1 -1 -1 -1 -1 1 1 1 1 -1 -1 -1 -1 1 1 1 -1 -1 -1 -1 -1 -1 -1 -1 -1 -1 -1 -1 -1 -1 1 1 1 -1 1 1 -1 1 1 1 1 -1 -1 1 -1 
